340 1631640696 0,200000 -1,000000 -101,000000 0,000000 0,000000
340 1631640697 0,200000 -1,000000 -101,000000 0,000000 0,000000
340 1631640698 0,200000 -1,000000 -101,000000 0,000000 0,000000
340 1631640699 0,200000 -1,000000 -101,000000 0,000000 0,000000
340 1631640700 0,200000 -1,000000 -101,000000 0,000000 0,000000
340 1631640706 0,400000 -1,000000 -101,000000 0,000000 0,000000
340 1631640707 0,400000 -1,000000 -101,000000 0,000000 0,000000
340 1631640708 0,400000 -1,000000 -101,000000 0,000000 0,000000
340 1631640709 0,400000 -1,000000 -101,000000 0,000000 0,000000
340 1631640710 0,400000 -1,000000 -101,000000 0,000000 0,000000
340 1631640746 0,200000 -1,000000 -101,000000 0,000000 0,000000
340 1631640747 0,200000 -1,000000 -101,000000 0,000000 0,000000
340 1631640748 0,200000 -1,000000 -101,000000 0,000000 0,000000
340 1631640749 0,200000 -1,000000 -101,000000 0,000000 0,000000
340 1631640750 0,200000 -1,000000 -101,000000 0,000000 0,000000
340 1631640751 0,400000 -1,000000 -101,000000 0,000000 0,000000
340 1631640752 0,400000 -1,000000 -101,000000 0,000000 0,000000
340 1631640753 0,400000 -1,000000 -101,000000 0,000000 0,000000
340 1631640754 0,400000 -1,000000 -101,000000 0,000000 0,000000
340 1631640755 0,400000 -1,000000 -101,000000 0,000000 0,000000
340 1631640771 0,200000 -1,000000 -101,000000 0,000000 0,000000
340 1631640772 0,200000 -1,000000 -101,000000 0,000000 0,000000
340 1631640773 0,200000 -1,000000 -101,000000 0,000000 0,000000
340 1631640774 0,200000 -1,000000 -101,000000 0,000000 0,000000
340 1631640775 0,200000 -1,000000 -101,000000 0,000000 0,000000
340 1631640791 0,400000 -1,000000 -101,000000 0,000000 0,000000
340 1631640792 0,400000 -1,000000 -101,000000 0,000000 0,000000
340 1631640793 0,400000 -1,000000 -101,000000 0,000000 0,000000
340 1631640794 0,400000 -1,000000 -101,000000 0,000000 0,000000
340 1631640795 0,400000 -1,000000 -101,000000 0,000000 0,000000
340 1631640796 0,400000 -1,000000 -101,000000 0,000000 0,000000
340 1631640797 0,400000 -1,000000 -101,000000 0,000000 0,000000
340 1631640798 0,400000 -1,000000 -101,000000 0,000000 0,000000
340 1631640799 0,400000 -1,000000 -101,000000 0,000000 0,000000
340 1631640800 0,400000 -1,000000 -101,000000 0,000000 0,000000
340 1631640811 0,200000 -1,000000 -101,000000 0,000000 0,000000
340 1631640812 0,200000 -1,000000 -101,000000 0,000000 0,000000
340 1631640813 0,200000 -1,000000 -101,000000 0,000000 0,000000
340 1631640814 0,200000 -1,000000 -101,000000 0,000000 0,000000
340 1631640815 0,200000 -1,000000 -101,000000 0,000000 0,000000
340 1631640841 0,200000 -1,000000 -101,000000 0,000000 0,000000
340 1631640842 0,200000 -1,000000 -101,000000 0,000000 0,000000
340 1631640843 0,200000 -1,000000 -101,000000 0,000000 0,000000
340 1631640844 0,200000 -1,000000 -101,000000 0,000000 0,000000
340 1631640845 0,200000 -1,000000 -101,000000 0,000000 0,000000
340 1631640846 0,200000 -1,000000 -101,000000 0,000000 0,000000
340 1631640847 0,200000 -1,000000 -101,000000 0,000000 0,000000
340 1631640848 0,200000 -1,000000 -101,000000 0,000000 0,000000
340 1631640849 0,200000 -1,000000 -101,000000 0,000000 0,000000
340 1631640850 0,200000 -1,000000 -101,000000 0,000000 0,000000
340 1631640936 0,200000 -1,000000 -101,000000 0,000000 0,000000
340 1631640937 0,200000 -1,000000 -101,000000 0,000000 0,000000
340 1631640938 0,200000 -1,000000 -101,000000 0,000000 0,000000
340 1631640939 0,200000 -1,000000 -101,000000 0,000000 0,000000
340 1631640940 0,200000 -1,000000 -101,000000 0,000000 0,000000
340 1631640941 0,200000 -1,000000 -101,000000 0,000000 0,000000
340 1631640942 0,200000 -1,000000 -101,000000 0,000000 0,000000
340 1631640943 0,200000 -1,000000 -101,000000 0,000000 0,000000
340 1631640944 0,200000 -1,000000 -101,000000 0,000000 0,000000
340 1631640945 0,200000 -1,000000 -101,000000 0,000000 0,000000
340 1631640991 0,200000 -1,000000 -101,000000 0,000000 0,000000
340 1631640992 0,200000 -1,000000 -101,000000 0,000000 0,000000
340 1631640993 0,200000 -1,000000 -101,000000 0,000000 0,000000
340 1631640994 0,200000 -1,000000 -101,000000 0,000000 0,000000
340 1631640995 0,200000 -1,000000 -101,000000 0,000000 0,000000
340 1631641086 0,200000 -1,000000 -101,000000 0,000000 0,000000
340 1631641087 0,200000 -1,000000 -101,000000 0,000000 0,000000
340 1631641088 0,200000 -1,000000 -101,000000 0,000000 0,000000
340 1631641089 0,200000 -1,000000 -101,000000 0,000000 0,000000
340 1631641090 0,200000 -1,000000 -101,000000 0,000000 0,000000
340 1631641235 0,200000 -1,000000 0,200000 0,200000 0,008000
340 1631641234 0,200000 -1,000000 0,200000 0,200000 0,008000
340 1631641233 0,200000 -1,000000 0,200000 0,200000 0,008000
340 1631641232 0,200000 -1,000000 0,200000 0,200000 0,008000
340 1631641231 0,200000 -1,000000 0,200000 0,200000 0,008000
340 1631641185 0,200000 -1,000000 0,200000 0,200000 0,008000
340 1631641184 0,200000 -1,000000 0,200000 0,200000 0,008000
340 1631641183 0,200000 -1,000000 0,200000 0,200000 0,008000
340 1631641182 0,200000 -1,000000 0,200000 0,200000 0,008000
340 1631641181 0,200000 -1,000000 0,200000 0,200000 0,008000
340 1631641181 0,200000 -1,000000 -101,000000 0,000000 0,000000
340 1631641182 0,200000 -1,000000 -101,000000 0,000000 0,000000
340 1631641183 0,200000 -1,000000 -101,000000 0,000000 0,000000
340 1631641184 0,200000 -1,000000 -101,000000 0,000000 0,000000
340 1631641185 0,200000 -1,000000 -101,000000 0,000000 0,000000
340 1631641231 0,200000 -1,000000 -101,000000 0,000000 0,000000
340 1631641232 0,200000 -1,000000 -101,000000 0,000000 0,000000
340 1631641233 0,200000 -1,000000 -101,000000 0,000000 0,000000
340 1631641234 0,200000 -1,000000 -101,000000 0,000000 0,000000
340 1631641235 0,200000 -1,000000 -101,000000 0,000000 0,000000
340 1631641276 0,400000 -1,000000 -101,000000 0,000000 0,000000
340 1631641277 0,400000 -1,000000 -101,000000 0,000000 0,000000
340 1631641278 0,400000 -1,000000 -101,000000 0,000000 0,000000
340 1631641279 0,400000 -1,000000 -101,000000 0,000000 0,000000
340 1631641280 0,400000 -1,000000 -101,000000 0,000000 0,000000
340 1631641286 0,200000 -1,000000 -101,000000 0,000000 0,000000
340 1631641287 0,200000 -1,000000 -101,000000 0,000000 0,000000
340 1631641288 0,200000 -1,000000 -101,000000 0,000000 0,000000
340 1631641289 0,200000 -1,000000 -101,000000 0,000000 0,000000
340 1631641290 0,200000 -1,000000 -101,000000 0,000000 0,000000
340 1631641291 0,200000 -1,000000 -101,000000 0,000000 0,000000
340 1631641292 0,200000 -1,000000 -101,000000 0,000000 0,000000
340 1631641293 0,200000 -1,000000 -101,000000 0,000000 0,000000
340 1631641294 0,200000 -1,000000 -101,000000 0,000000 0,000000
340 1631641295 0,200000 -1,000000 -101,000000 0,000000 0,000000
340 1631641371 0,200000 -1,000000 -101,000000 0,000000 0,000000
340 1631641372 0,200000 -1,000000 -101,000000 0,000000 0,000000
340 1631641373 0,200000 -1,000000 -101,000000 0,000000 0,000000
340 1631641374 0,200000 -1,000000 -101,000000 0,000000 0,000000
340 1631641375 0,200000 -1,000000 -101,000000 0,000000 0,000000
340 1631641376 0,200000 -1,000000 -101,000000 0,000000 0,000000
340 1631641377 0,200000 -1,000000 -101,000000 0,000000 0,000000
340 1631641378 0,200000 -1,000000 -101,000000 0,000000 0,000000
340 1631641379 0,200000 -1,000000 -101,000000 0,000000 0,000000
340 1631641380 0,200000 -1,000000 -101,000000 0,000000 0,000000
340 1631641386 0,200000 -1,000000 -101,000000 0,000000 0,000000
340 1631641387 0,200000 -1,000000 -101,000000 0,000000 0,000000
340 1631641388 0,200000 -1,000000 -101,000000 0,000000 0,000000
340 1631641389 0,200000 -1,000000 -101,000000 0,000000 0,000000
340 1631641390 0,200000 -1,000000 -101,000000 0,000000 0,000000
340 1631641421 0,200000 -1,000000 -101,000000 0,000000 0,000000
340 1631641422 0,200000 -1,000000 -101,000000 0,000000 0,000000
340 1631641423 0,200000 -1,000000 -101,000000 0,000000 0,000000
340 1631641424 0,200000 -1,000000 -101,000000 0,000000 0,000000
340 1631641425 0,200000 -1,000000 -101,000000 0,000000 0,000000
340 1631641471 0,200000 -1,000000 -101,000000 0,000000 0,000000
340 1631641472 0,200000 -1,000000 -101,000000 0,000000 0,000000
340 1631641473 0,200000 -1,000000 -101,000000 0,000000 0,000000
340 1631641474 0,200000 -1,000000 -101,000000 0,000000 0,000000
340 1631641475 0,200000 -1,000000 -101,000000 0,000000 0,000000
340 1631641521 0,200000 -1,000000 -101,000000 0,000000 0,000000
340 1631641522 0,200000 -1,000000 -101,000000 0,000000 0,000000
340 1631641523 0,200000 -1,000000 -101,000000 0,000000 0,000000
340 1631641524 0,200000 -1,000000 -101,000000 0,000000 0,000000
340 1631641525 0,200000 -1,000000 -101,000000 0,000000 0,000000
340 1631641526 0,200000 -1,000000 -101,000000 0,000000 0,000000
340 1631641527 0,200000 -1,000000 -101,000000 0,000000 0,000000
340 1631641528 0,200000 -1,000000 -101,000000 0,000000 0,000000
340 1631641529 0,200000 -1,000000 -101,000000 0,000000 0,000000
340 1631641530 0,200000 -1,000000 -101,000000 0,000000 0,000000
340 1631641536 0,200000 -1,000000 -101,000000 0,000000 0,000000
340 1631641537 0,200000 -1,000000 -101,000000 0,000000 0,000000
340 1631641538 0,200000 -1,000000 -101,000000 0,000000 0,000000
340 1631641539 0,200000 -1,000000 -101,000000 0,000000 0,000000
340 1631641540 0,200000 -1,000000 -101,000000 0,000000 0,000000
340 1631641566 0,200000 -1,000000 -101,000000 0,000000 0,000000
340 1631641567 0,200000 -1,000000 -101,000000 0,000000 0,000000
340 1631641568 0,200000 -1,000000 -101,000000 0,000000 0,000000
340 1631641569 0,200000 -1,000000 -101,000000 0,000000 0,000000
340 1631641570 0,200000 -1,000000 -101,000000 0,000000 0,000000
340 1631641616 0,200000 -1,000000 -101,000000 0,000000 0,000000
340 1631641617 0,200000 -1,000000 -101,000000 0,000000 0,000000
340 1631641618 0,200000 -1,000000 -101,000000 0,000000 0,000000
340 1631641619 0,200000 -1,000000 -101,000000 0,000000 0,000000
340 1631641620 0,200000 -1,000000 -101,000000 0,000000 0,000000
340 1631641661 0,200000 -1,000000 -101,000000 0,000000 0,000000
340 1631641662 0,200000 -1,000000 -101,000000 0,000000 0,000000
340 1631641663 0,200000 -1,000000 -101,000000 0,000000 0,000000
340 1631641664 0,200000 -1,000000 -101,000000 0,000000 0,000000
340 1631641665 0,200000 -1,000000 -101,000000 0,000000 0,000000
340 1631641716 0,200000 -1,000000 -101,000000 0,000000 0,000000
340 1631641717 0,200000 -1,000000 -101,000000 0,000000 0,000000
340 1631641718 0,200000 -1,000000 -101,000000 0,000000 0,000000
340 1631641719 0,200000 -1,000000 -101,000000 0,000000 0,000000
340 1631641720 0,200000 -1,000000 -101,000000 0,000000 0,000000
340 1631641721 0,200000 -1,000000 -101,000000 0,000000 0,000000
340 1631641722 0,200000 -1,000000 -101,000000 0,000000 0,000000
340 1631641723 0,200000 -1,000000 -101,000000 0,000000 0,000000
340 1631641724 0,200000 -1,000000 -101,000000 0,000000 0,000000
340 1631641725 0,200000 -1,000000 -101,000000 0,000000 0,000000
340 1631641751 0,200000 -1,000000 -101,000000 0,000000 0,000000
340 1631641752 0,200000 -1,000000 -101,000000 0,000000 0,000000
340 1631641753 0,200000 -1,000000 -101,000000 0,000000 0,000000
340 1631641754 0,200000 -1,000000 -101,000000 0,000000 0,000000
340 1631641755 0,200000 -1,000000 -101,000000 0,000000 0,000000
340 1631641845 0,200000 -1,000000 0,200000 0,200000 0,008000
340 1631641844 0,200000 -1,000000 0,200000 0,200000 0,008000
340 1631641843 0,200000 -1,000000 0,200000 0,200000 0,008000
340 1631641842 0,200000 -1,000000 0,200000 0,200000 0,008000
340 1631641841 0,200000 -1,000000 0,200000 0,200000 0,008000
340 1631641840 0,200000 -1,000000 0,200000 0,200000 0,008000
340 1631641839 0,200000 -1,000000 0,200000 0,200000 0,008000
340 1631641838 0,200000 -1,000000 0,200000 0,200000 0,008000
340 1631641837 0,200000 -1,000000 0,200000 0,200000 0,008000
340 1631641836 0,200000 -1,000000 0,200000 0,200000 0,008000
340 1631641836 0,200000 -1,000000 -101,000000 0,000000 0,000000
340 1631641837 0,200000 -1,000000 -101,000000 0,000000 0,000000
340 1631641838 0,200000 -1,000000 -101,000000 0,000000 0,000000
340 1631641839 0,200000 -1,000000 -101,000000 0,000000 0,000000
340 1631641840 0,200000 -1,000000 -101,000000 0,000000 0,000000
340 1631641841 0,200000 -1,000000 -101,000000 0,000000 0,000000
340 1631641842 0,200000 -1,000000 -101,000000 0,000000 0,000000
340 1631641843 0,200000 -1,000000 -101,000000 0,000000 0,000000
340 1631641844 0,200000 -1,000000 -101,000000 0,000000 0,000000
340 1631641845 0,200000 -1,000000 -101,000000 0,000000 0,000000
340 1631641906 0,200000 -1,000000 -101,000000 0,000000 0,000000
340 1631641907 0,200000 -1,000000 -101,000000 0,000000 0,000000
340 1631641908 0,200000 -1,000000 -101,000000 0,000000 0,000000
340 1631641909 0,200000 -1,000000 -101,000000 0,000000 0,000000
340 1631641910 0,200000 -1,000000 -101,000000 0,000000 0,000000
340 1631641951 0,200000 -1,000000 -101,000000 0,000000 0,000000
340 1631641952 0,200000 -1,000000 -101,000000 0,000000 0,000000
340 1631641953 0,200000 -1,000000 -101,000000 0,000000 0,000000
340 1631641954 0,200000 -1,000000 -101,000000 0,000000 0,000000
340 1631641955 0,200000 -1,000000 -101,000000 0,000000 0,000000
340 1631641956 0,200000 -1,000000 -101,000000 0,000000 0,000000
340 1631641957 0,200000 -1,000000 -101,000000 0,000000 0,000000
340 1631641958 0,200000 -1,000000 -101,000000 0,000000 0,000000
340 1631641959 0,200000 -1,000000 -101,000000 0,000000 0,000000
340 1631641960 0,200000 -1,000000 -101,000000 0,000000 0,000000
340 1631641986 0,200000 -1,000000 -101,000000 0,000000 0,000000
340 1631641987 0,200000 -1,000000 -101,000000 0,000000 0,000000
340 1631641988 0,200000 -1,000000 -101,000000 0,000000 0,000000
340 1631641989 0,200000 -1,000000 -101,000000 0,000000 0,000000
340 1631641990 0,200000 -1,000000 -101,000000 0,000000 0,000000
340 1631641996 0,200000 -1,000000 -101,000000 0,000000 0,000000
340 1631641997 0,200000 -1,000000 -101,000000 0,000000 0,000000
340 1631641998 0,200000 -1,000000 -101,000000 0,000000 0,000000
340 1631641999 0,200000 -1,000000 -101,000000 0,000000 0,000000
340 1631642000 0,200000 -1,000000 -101,000000 0,000000 0,000000
340 1631642046 0,200000 -1,000000 -101,000000 0,000000 0,000000
340 1631642047 0,200000 -1,000000 -101,000000 0,000000 0,000000
340 1631642048 0,200000 -1,000000 -101,000000 0,000000 0,000000
340 1631642049 0,200000 -1,000000 -101,000000 0,000000 0,000000
340 1631642050 0,200000 -1,000000 -101,000000 0,000000 0,000000
340 1631642066 0,200000 -1,000000 -101,000000 0,000000 0,000000
340 1631642067 0,200000 -1,000000 -101,000000 0,000000 0,000000
340 1631642068 0,200000 -1,000000 -101,000000 0,000000 0,000000
340 1631642069 0,200000 -1,000000 -101,000000 0,000000 0,000000
340 1631642070 0,200000 -1,000000 -101,000000 0,000000 0,000000
340 1631642131 0,200000 -1,000000 -101,000000 0,000000 0,000000
340 1631642132 0,200000 -1,000000 -101,000000 0,000000 0,000000
340 1631642133 0,200000 -1,000000 -101,000000 0,000000 0,000000
340 1631642134 0,200000 -1,000000 -101,000000 0,000000 0,000000
340 1631642135 0,200000 -1,000000 -101,000000 0,000000 0,000000
340 1631642141 0,200000 -1,000000 -101,000000 0,000000 0,000000
340 1631642142 0,200000 -1,000000 -101,000000 0,000000 0,000000
340 1631642143 0,200000 -1,000000 -101,000000 0,000000 0,000000
340 1631642144 0,200000 -1,000000 -101,000000 0,000000 0,000000
340 1631642145 0,200000 -1,000000 -101,000000 0,000000 0,000000
340 1631642201 0,200000 -1,000000 -101,000000 0,000000 0,000000
340 1631642202 0,200000 -1,000000 -101,000000 0,000000 0,000000
340 1631642203 0,200000 -1,000000 -101,000000 0,000000 0,000000
340 1631642204 0,200000 -1,000000 -101,000000 0,000000 0,000000
340 1631642205 0,200000 -1,000000 -101,000000 0,000000 0,000000
340 1631642206 0,200000 -1,000000 -101,000000 0,000000 0,000000
340 1631642207 0,200000 -1,000000 -101,000000 0,000000 0,000000
340 1631642208 0,200000 -1,000000 -101,000000 0,000000 0,000000
340 1631642209 0,200000 -1,000000 -101,000000 0,000000 0,000000
340 1631642210 0,200000 -1,000000 -101,000000 0,000000 0,000000
340 1631642211 0,200000 -1,000000 -101,000000 0,000000 0,000000
340 1631642212 0,200000 -1,000000 -101,000000 0,000000 0,000000
340 1631642213 0,200000 -1,000000 -101,000000 0,000000 0,000000
340 1631642214 0,200000 -1,000000 -101,000000 0,000000 0,000000
340 1631642215 0,200000 -1,000000 -101,000000 0,000000 0,000000
340 1631642231 0,200000 -1,000000 -101,000000 0,000000 0,000000
340 1631642232 0,200000 -1,000000 -101,000000 0,000000 0,000000
340 1631642233 0,200000 -1,000000 -101,000000 0,000000 0,000000
340 1631642234 0,200000 -1,000000 -101,000000 0,000000 0,000000
340 1631642235 0,200000 -1,000000 -101,000000 0,000000 0,000000
340 1631642246 0,200000 -1,000000 -101,000000 0,000000 0,000000
340 1631642247 0,200000 -1,000000 -101,000000 0,000000 0,000000
340 1631642248 0,200000 -1,000000 -101,000000 0,000000 0,000000
340 1631642249 0,200000 -1,000000 -101,000000 0,000000 0,000000
340 1631642250 0,200000 -1,000000 -101,000000 0,000000 0,000000
340 1631642251 0,200000 -1,000000 -101,000000 0,000000 0,000000
340 1631642252 0,200000 -1,000000 -101,000000 0,000000 0,000000
340 1631642253 0,200000 -1,000000 -101,000000 0,000000 0,000000
340 1631642254 0,200000 -1,000000 -101,000000 0,000000 0,000000
340 1631642255 0,200000 -1,000000 -101,000000 0,000000 0,000000
340 1631642286 0,400000 -1,000000 -101,000000 0,000000 0,000000
340 1631642287 0,400000 -1,000000 -101,000000 0,000000 0,000000
340 1631642288 0,400000 -1,000000 -101,000000 0,000000 0,000000
340 1631642289 0,400000 -1,000000 -101,000000 0,000000 0,000000
340 1631642290 0,400000 -1,000000 -101,000000 0,000000 0,000000
340 1631642306 0,400000 -1,000000 -101,000000 0,000000 0,000000
340 1631642307 0,400000 -1,000000 -101,000000 0,000000 0,000000
340 1631642308 0,400000 -1,000000 -101,000000 0,000000 0,000000
340 1631642309 0,400000 -1,000000 -101,000000 0,000000 0,000000
340 1631642310 0,400000 -1,000000 -101,000000 0,000000 0,000000
340 1631642356 0,200000 -1,000000 -101,000000 0,000000 0,000000
340 1631642357 0,200000 -1,000000 -101,000000 0,000000 0,000000
340 1631642358 0,200000 -1,000000 -101,000000 0,000000 0,000000
340 1631642359 0,200000 -1,000000 -101,000000 0,000000 0,000000
340 1631642360 0,200000 -1,000000 -101,000000 0,000000 0,000000
340 1631642450 0,200000 -1,000000 0,200000 0,200000 0,008000
340 1631642449 0,200000 -1,000000 0,200000 0,200000 0,008000
340 1631642448 0,200000 -1,000000 0,200000 0,200000 0,008000
340 1631642447 0,200000 -1,000000 0,200000 0,200000 0,008000
340 1631642446 0,200000 -1,000000 0,200000 0,200000 0,008000
340 1631642435 0,200000 -1,000000 0,200000 0,200000 0,008000
340 1631642434 0,200000 -1,000000 0,200000 0,200000 0,008000
340 1631642433 0,200000 -1,000000 0,200000 0,200000 0,008000
340 1631642432 0,200000 -1,000000 0,200000 0,200000 0,008000
340 1631642431 0,200000 -1,000000 0,200000 0,200000 0,008000
340 1631642415 0,200000 -1,000000 0,200000 0,200000 0,008000
340 1631642414 0,200000 -1,000000 0,200000 0,200000 0,008000
340 1631642413 0,200000 -1,000000 0,200000 0,200000 0,008000
340 1631642412 0,200000 -1,000000 0,200000 0,200000 0,008000
340 1631642411 0,200000 -1,000000 0,200000 0,200000 0,008000
340 1631642411 0,200000 -1,000000 -101,000000 0,000000 0,000000
340 1631642412 0,200000 -1,000000 -101,000000 0,000000 0,000000
340 1631642413 0,200000 -1,000000 -101,000000 0,000000 0,000000
340 1631642414 0,200000 -1,000000 -101,000000 0,000000 0,000000
340 1631642415 0,200000 -1,000000 -101,000000 0,000000 0,000000
340 1631642431 0,200000 -1,000000 -101,000000 0,000000 0,000000
340 1631642432 0,200000 -1,000000 -101,000000 0,000000 0,000000
340 1631642433 0,200000 -1,000000 -101,000000 0,000000 0,000000
340 1631642434 0,200000 -1,000000 -101,000000 0,000000 0,000000
340 1631642435 0,200000 -1,000000 -101,000000 0,000000 0,000000
340 1631642446 0,200000 -1,000000 -101,000000 0,000000 0,000000
340 1631642447 0,200000 -1,000000 -101,000000 0,000000 0,000000
340 1631642448 0,200000 -1,000000 -101,000000 0,000000 0,000000
340 1631642449 0,200000 -1,000000 -101,000000 0,000000 0,000000
340 1631642450 0,200000 -1,000000 -101,000000 0,000000 0,000000
340 1631642491 0,200000 -1,000000 -101,000000 0,000000 0,000000
340 1631642492 0,200000 -1,000000 -101,000000 0,000000 0,000000
340 1631642493 0,200000 -1,000000 -101,000000 0,000000 0,000000
340 1631642494 0,200000 -1,000000 -101,000000 0,000000 0,000000
340 1631642495 0,200000 -1,000000 -101,000000 0,000000 0,000000
340 1631642526 0,400000 -1,000000 -101,000000 0,000000 0,000000
340 1631642527 0,400000 -1,000000 -101,000000 0,000000 0,000000
340 1631642528 0,400000 -1,000000 -101,000000 0,000000 0,000000
340 1631642529 0,400000 -1,000000 -101,000000 0,000000 0,000000
340 1631642530 0,400000 -1,000000 -101,000000 0,000000 0,000000
340 1631642561 0,200000 -1,000000 -101,000000 0,000000 0,000000
340 1631642562 0,200000 -1,000000 -101,000000 0,000000 0,000000
340 1631642563 0,200000 -1,000000 -101,000000 0,000000 0,000000
340 1631642564 0,200000 -1,000000 -101,000000 0,000000 0,000000
340 1631642565 0,200000 -1,000000 -101,000000 0,000000 0,000000
340 1631642576 0,200000 -1,000000 -101,000000 0,000000 0,000000
340 1631642577 0,200000 -1,000000 -101,000000 0,000000 0,000000
340 1631642578 0,200000 -1,000000 -101,000000 0,000000 0,000000
340 1631642579 0,200000 -1,000000 -101,000000 0,000000 0,000000
340 1631642580 0,200000 -1,000000 -101,000000 0,000000 0,000000
340 1631642611 0,200000 -1,000000 -101,000000 0,000000 0,000000
340 1631642612 0,200000 -1,000000 -101,000000 0,000000 0,000000
340 1631642613 0,200000 -1,000000 -101,000000 0,000000 0,000000
340 1631642614 0,200000 -1,000000 -101,000000 0,000000 0,000000
340 1631642615 0,200000 -1,000000 -101,000000 0,000000 0,000000
340 1631642621 0,200000 -1,000000 -101,000000 0,000000 0,000000
340 1631642622 0,200000 -1,000000 -101,000000 0,000000 0,000000
340 1631642623 0,200000 -1,000000 -101,000000 0,000000 0,000000
340 1631642624 0,200000 -1,000000 -101,000000 0,000000 0,000000
340 1631642625 0,200000 -1,000000 -101,000000 0,000000 0,000000
340 1631642651 0,200000 -1,000000 -101,000000 0,000000 0,000000
340 1631642652 0,200000 -1,000000 -101,000000 0,000000 0,000000
340 1631642653 0,200000 -1,000000 -101,000000 0,000000 0,000000
340 1631642654 0,200000 -1,000000 -101,000000 0,000000 0,000000
340 1631642655 0,200000 -1,000000 -101,000000 0,000000 0,000000
340 1631642671 0,200000 -1,000000 -101,000000 0,000000 0,000000
340 1631642672 0,200000 -1,000000 -101,000000 0,000000 0,000000
340 1631642673 0,200000 -1,000000 -101,000000 0,000000 0,000000
340 1631642674 0,200000 -1,000000 -101,000000 0,000000 0,000000
340 1631642675 0,200000 -1,000000 -101,000000 0,000000 0,000000
340 1631642681 0,200000 -1,000000 -101,000000 0,000000 0,000000
340 1631642682 0,200000 -1,000000 -101,000000 0,000000 0,000000
340 1631642683 0,200000 -1,000000 -101,000000 0,000000 0,000000
340 1631642684 0,200000 -1,000000 -101,000000 0,000000 0,000000
340 1631642685 0,200000 -1,000000 -101,000000 0,000000 0,000000
340 1631642691 0,400000 -1,000000 -101,000000 0,000000 0,000000
340 1631642692 0,400000 -1,000000 -101,000000 0,000000 0,000000
340 1631642693 0,400000 -1,000000 -101,000000 0,000000 0,000000
340 1631642694 0,400000 -1,000000 -101,000000 0,000000 0,000000
340 1631642695 0,400000 -1,000000 -101,000000 0,000000 0,000000
340 1631642716 0,200000 -1,000000 -101,000000 0,000000 0,000000
340 1631642717 0,200000 -1,000000 -101,000000 0,000000 0,000000
340 1631642718 0,200000 -1,000000 -101,000000 0,000000 0,000000
340 1631642719 0,200000 -1,000000 -101,000000 0,000000 0,000000
340 1631642720 0,200000 -1,000000 -101,000000 0,000000 0,000000
340 1631642766 0,200000 -1,000000 -101,000000 0,000000 0,000000
340 1631642767 0,200000 -1,000000 -101,000000 0,000000 0,000000
340 1631642768 0,200000 -1,000000 -101,000000 0,000000 0,000000
340 1631642769 0,200000 -1,000000 -101,000000 0,000000 0,000000
340 1631642770 0,200000 -1,000000 -101,000000 0,000000 0,000000
340 1631642771 0,400000 -1,000000 -101,000000 0,000000 0,000000
340 1631642772 0,400000 -1,000000 -101,000000 0,000000 0,000000
340 1631642773 0,400000 -1,000000 -101,000000 0,000000 0,000000
340 1631642774 0,400000 -1,000000 -101,000000 0,000000 0,000000
340 1631642775 0,400000 -1,000000 -101,000000 0,000000 0,000000
340 1631642816 0,200000 -1,000000 -101,000000 0,000000 0,000000
340 1631642817 0,200000 -1,000000 -101,000000 0,000000 0,000000
340 1631642818 0,200000 -1,000000 -101,000000 0,000000 0,000000
340 1631642819 0,200000 -1,000000 -101,000000 0,000000 0,000000
340 1631642820 0,200000 -1,000000 -101,000000 0,000000 0,000000
340 1631642836 0,200000 -1,000000 -101,000000 0,000000 0,000000
340 1631642837 0,200000 -1,000000 -101,000000 0,000000 0,000000
340 1631642838 0,200000 -1,000000 -101,000000 0,000000 0,000000
340 1631642839 0,200000 -1,000000 -101,000000 0,000000 0,000000
340 1631642840 0,200000 -1,000000 -101,000000 0,000000 0,000000
340 1631642861 0,400000 -1,000000 -101,000000 0,000000 0,000000
340 1631642862 0,400000 -1,000000 -101,000000 0,000000 0,000000
340 1631642863 0,400000 -1,000000 -101,000000 0,000000 0,000000
340 1631642864 0,400000 -1,000000 -101,000000 0,000000 0,000000
340 1631642865 0,400000 -1,000000 -101,000000 0,000000 0,000000
340 1631642871 0,200000 -1,000000 -101,000000 0,000000 0,000000
340 1631642872 0,200000 -1,000000 -101,000000 0,000000 0,000000
340 1631642873 0,200000 -1,000000 -101,000000 0,000000 0,000000
340 1631642874 0,200000 -1,000000 -101,000000 0,000000 0,000000
340 1631642875 0,200000 -1,000000 -101,000000 0,000000 0,000000
340 1631642876 0,200000 -1,000000 -101,000000 0,000000 0,000000
340 1631642877 0,200000 -1,000000 -101,000000 0,000000 0,000000
340 1631642878 0,200000 -1,000000 -101,000000 0,000000 0,000000
340 1631642879 0,200000 -1,000000 -101,000000 0,000000 0,000000
340 1631642880 0,200000 -1,000000 -101,000000 0,000000 0,000000
340 1631642881 0,400000 -1,000000 -101,000000 0,000000 0,000000
340 1631642882 0,400000 -1,000000 -101,000000 0,000000 0,000000
340 1631642883 0,400000 -1,000000 -101,000000 0,000000 0,000000
340 1631642884 0,400000 -1,000000 -101,000000 0,000000 0,000000
340 1631642885 0,400000 -1,000000 -101,000000 0,000000 0,000000
340 1631642901 0,200000 -1,000000 -101,000000 0,000000 0,000000
340 1631642902 0,200000 -1,000000 -101,000000 0,000000 0,000000
340 1631642903 0,200000 -1,000000 -101,000000 0,000000 0,000000
340 1631642904 0,200000 -1,000000 -101,000000 0,000000 0,000000
340 1631642905 0,200000 -1,000000 -101,000000 0,000000 0,000000
340 1631643001 0,200000 -1,000000 -101,000000 0,000000 0,000000
340 1631643060 0,200000 -1,000000 0,200000 0,200000 0,008000
340 1631643059 0,200000 -1,000000 0,200000 0,200000 0,008000
340 1631643058 0,200000 -1,000000 0,200000 0,200000 0,008000
340 1631643057 0,200000 -1,000000 0,200000 0,200000 0,008000
340 1631643056 0,200000 -1,000000 0,200000 0,200000 0,008000
340 1631643050 0,200000 -1,000000 0,200000 0,200000 0,008000
340 1631643049 0,200000 -1,000000 0,200000 0,200000 0,008000
340 1631643048 0,200000 -1,000000 0,200000 0,200000 0,008000
340 1631643047 0,200000 -1,000000 0,200000 0,200000 0,008000
340 1631643046 0,200000 -1,000000 0,200000 0,200000 0,008000
340 1631643030 0,200000 -1,000000 0,200000 0,200000 0,008000
340 1631643029 0,200000 -1,000000 0,200000 0,200000 0,008000
340 1631643028 0,200000 -1,000000 0,200000 0,200000 0,008000
340 1631643027 0,200000 -1,000000 0,200000 0,200000 0,008000
340 1631643026 0,200000 -1,000000 0,200000 0,200000 0,008000
340 1631643010 0,200000 -1,000000 0,200000 0,200000 0,008000
340 1631643009 0,200000 -1,000000 0,200000 0,200000 0,008000
340 1631643008 0,200000 -1,000000 0,200000 0,200000 0,008000
340 1631643007 0,200000 -1,000000 0,200000 0,200000 0,008000
340 1631643006 0,200000 -1,000000 0,200000 0,200000 0,008000
340 1631643005 0,200000 -1,000000 0,200000 0,200000 0,008000
340 1631643004 0,200000 -1,000000 0,200000 0,200000 0,008000
340 1631643003 0,200000 -1,000000 0,200000 0,200000 0,008000
340 1631643002 0,200000 -1,000000 0,200000 0,200000 0,008000
340 1631643002 0,200000 -1,000000 -101,000000 0,000000 0,000000
340 1631643003 0,200000 -1,000000 -101,000000 0,000000 0,000000
340 1631643004 0,200000 -1,000000 -101,000000 0,000000 0,000000
340 1631643005 0,200000 -1,000000 -101,000000 0,000000 0,000000
340 1631643006 0,200000 -1,000000 -101,000000 0,000000 0,000000
340 1631643007 0,200000 -1,000000 -101,000000 0,000000 0,000000
340 1631643008 0,200000 -1,000000 -101,000000 0,000000 0,000000
340 1631643009 0,200000 -1,000000 -101,000000 0,000000 0,000000
340 1631643010 0,200000 -1,000000 -101,000000 0,000000 0,000000
340 1631643026 0,200000 -1,000000 -101,000000 0,000000 0,000000
340 1631643027 0,200000 -1,000000 -101,000000 0,000000 0,000000
340 1631643028 0,200000 -1,000000 -101,000000 0,000000 0,000000
340 1631643029 0,200000 -1,000000 -101,000000 0,000000 0,000000
340 1631643030 0,200000 -1,000000 -101,000000 0,000000 0,000000
340 1631643046 0,200000 -1,000000 -101,000000 0,000000 0,000000
340 1631643047 0,200000 -1,000000 -101,000000 0,000000 0,000000
340 1631643048 0,200000 -1,000000 -101,000000 0,000000 0,000000
340 1631643049 0,200000 -1,000000 -101,000000 0,000000 0,000000
340 1631643050 0,200000 -1,000000 -101,000000 0,000000 0,000000
340 1631643056 0,200000 -1,000000 -101,000000 0,000000 0,000000
340 1631643057 0,200000 -1,000000 -101,000000 0,000000 0,000000
340 1631643058 0,200000 -1,000000 -101,000000 0,000000 0,000000
340 1631643059 0,200000 -1,000000 -101,000000 0,000000 0,000000
340 1631643060 0,200000 -1,000000 -101,000000 0,000000 0,000000
340 1631643101 0,400000 -1,000000 -101,000000 0,000000 0,000000
340 1631643102 0,400000 -1,000000 -101,000000 0,000000 0,000000
340 1631643103 0,400000 -1,000000 -101,000000 0,000000 0,000000
340 1631643104 0,400000 -1,000000 -101,000000 0,000000 0,000000
340 1631643105 0,400000 -1,000000 -101,000000 0,000000 0,000000
340 1631643121 0,200000 -1,000000 -101,000000 0,000000 0,000000
340 1631643122 0,200000 -1,000000 -101,000000 0,000000 0,000000
340 1631643123 0,200000 -1,000000 -101,000000 0,000000 0,000000
340 1631643124 0,200000 -1,000000 -101,000000 0,000000 0,000000
340 1631643125 0,200000 -1,000000 -101,000000 0,000000 0,000000
340 1631643151 0,200000 -1,000000 -101,000000 0,000000 0,000000
340 1631643152 0,200000 -1,000000 -101,000000 0,000000 0,000000
340 1631643153 0,200000 -1,000000 -101,000000 0,000000 0,000000
340 1631643154 0,200000 -1,000000 -101,000000 0,000000 0,000000
340 1631643155 0,200000 -1,000000 -101,000000 0,000000 0,000000
340 1631643171 0,200000 -1,000000 -101,000000 0,000000 0,000000
340 1631643172 0,200000 -1,000000 -101,000000 0,000000 0,000000
340 1631643173 0,200000 -1,000000 -101,000000 0,000000 0,000000
340 1631643174 0,200000 -1,000000 -101,000000 0,000000 0,000000
340 1631643175 0,200000 -1,000000 -101,000000 0,000000 0,000000
340 1631643196 0,400000 -1,000000 -101,000000 0,000000 0,000000
340 1631643197 0,400000 -1,000000 -101,000000 0,000000 0,000000
340 1631643198 0,400000 -1,000000 -101,000000 0,000000 0,000000
340 1631643199 0,400000 -1,000000 -101,000000 0,000000 0,000000
340 1631643200 0,400000 -1,000000 -101,000000 0,000000 0,000000
340 1631643241 0,200000 -1,000000 -101,000000 0,000000 0,000000
340 1631643242 0,200000 -1,000000 -101,000000 0,000000 0,000000
340 1631643243 0,200000 -1,000000 -101,000000 0,000000 0,000000
340 1631643244 0,200000 -1,000000 -101,000000 0,000000 0,000000
340 1631643245 0,200000 -1,000000 -101,000000 0,000000 0,000000
340 1631643246 0,200000 -1,000000 -101,000000 0,000000 0,000000
340 1631643247 0,200000 -1,000000 -101,000000 0,000000 0,000000
340 1631643248 0,200000 -1,000000 -101,000000 0,000000 0,000000
340 1631643249 0,200000 -1,000000 -101,000000 0,000000 0,000000
340 1631643250 0,200000 -1,000000 -101,000000 0,000000 0,000000
340 1631643281 0,200000 -1,000000 -101,000000 0,000000 0,000000
340 1631643282 0,200000 -1,000000 -101,000000 0,000000 0,000000
340 1631643283 0,200000 -1,000000 -101,000000 0,000000 0,000000
340 1631643284 0,200000 -1,000000 -101,000000 0,000000 0,000000
340 1631643285 0,200000 -1,000000 -101,000000 0,000000 0,000000
340 1631643316 0,200000 -1,000000 -101,000000 0,000000 0,000000
340 1631643317 0,200000 -1,000000 -101,000000 0,000000 0,000000
340 1631643318 0,200000 -1,000000 -101,000000 0,000000 0,000000
340 1631643319 0,200000 -1,000000 -101,000000 0,000000 0,000000
340 1631643320 0,200000 -1,000000 -101,000000 0,000000 0,000000
340 1631643341 0,200000 -1,000000 -101,000000 0,000000 0,000000
340 1631643342 0,200000 -1,000000 -101,000000 0,000000 0,000000
340 1631643343 0,200000 -1,000000 -101,000000 0,000000 0,000000
340 1631643344 0,200000 -1,000000 -101,000000 0,000000 0,000000
340 1631643345 0,200000 -1,000000 -101,000000 0,000000 0,000000
340 1631643371 0,200000 -1,000000 -101,000000 0,000000 0,000000
340 1631643372 0,200000 -1,000000 -101,000000 0,000000 0,000000
340 1631643373 0,200000 -1,000000 -101,000000 0,000000 0,000000
340 1631643374 0,200000 -1,000000 -101,000000 0,000000 0,000000
340 1631643375 0,200000 -1,000000 -101,000000 0,000000 0,000000
340 1631643391 0,200000 -1,000000 -101,000000 0,000000 0,000000
340 1631643392 0,200000 -1,000000 -101,000000 0,000000 0,000000
340 1631643393 0,200000 -1,000000 -101,000000 0,000000 0,000000
340 1631643394 0,200000 -1,000000 -101,000000 0,000000 0,000000
340 1631643395 0,200000 -1,000000 -101,000000 0,000000 0,000000
340 1631643431 0,200000 -1,000000 -101,000000 0,000000 0,000000
340 1631643432 0,200000 -1,000000 -101,000000 0,000000 0,000000
340 1631643433 0,200000 -1,000000 -101,000000 0,000000 0,000000
340 1631643434 0,200000 -1,000000 -101,000000 0,000000 0,000000
340 1631643435 0,200000 -1,000000 -101,000000 0,000000 0,000000
340 1631643446 0,200000 -1,000000 -101,000000 0,000000 0,000000
340 1631643447 0,200000 -1,000000 -101,000000 0,000000 0,000000
340 1631643448 0,200000 -1,000000 -101,000000 0,000000 0,000000
340 1631643449 0,200000 -1,000000 -101,000000 0,000000 0,000000
340 1631643450 0,200000 -1,000000 -101,000000 0,000000 0,000000
340 1631643451 0,200000 -1,000000 -101,000000 0,000000 0,000000
340 1631643452 0,200000 -1,000000 -101,000000 0,000000 0,000000
340 1631643453 0,200000 -1,000000 -101,000000 0,000000 0,000000
340 1631643454 0,200000 -1,000000 -101,000000 0,000000 0,000000
340 1631643455 0,200000 -1,000000 -101,000000 0,000000 0,000000
340 1631643466 0,200000 -1,000000 -101,000000 0,000000 0,000000
340 1631643467 0,200000 -1,000000 -101,000000 0,000000 0,000000
340 1631643468 0,200000 -1,000000 -101,000000 0,000000 0,000000
340 1631643469 0,200000 -1,000000 -101,000000 0,000000 0,000000
340 1631643470 0,200000 -1,000000 -101,000000 0,000000 0,000000
340 1631643471 0,200000 -1,000000 -101,000000 0,000000 0,000000
340 1631643472 0,200000 -1,000000 -101,000000 0,000000 0,000000
340 1631643473 0,200000 -1,000000 -101,000000 0,000000 0,000000
340 1631643474 0,200000 -1,000000 -101,000000 0,000000 0,000000
340 1631643475 0,200000 -1,000000 -101,000000 0,000000 0,000000
340 1631643491 0,200000 -1,000000 -101,000000 0,000000 0,000000
340 1631643492 0,200000 -1,000000 -101,000000 0,000000 0,000000
340 1631643493 0,200000 -1,000000 -101,000000 0,000000 0,000000
340 1631643494 0,200000 -1,000000 -101,000000 0,000000 0,000000
340 1631643495 0,200000 -1,000000 -101,000000 0,000000 0,000000
340 1631643531 0,200000 -1,000000 -101,000000 0,000000 0,000000
340 1631643532 0,200000 -1,000000 -101,000000 0,000000 0,000000
340 1631643533 0,200000 -1,000000 -101,000000 0,000000 0,000000
340 1631643534 0,200000 -1,000000 -101,000000 0,000000 0,000000
340 1631643535 0,200000 -1,000000 -101,000000 0,000000 0,000000
340 1631643556 0,200000 -1,000000 -101,000000 0,000000 0,000000
340 1631643557 0,200000 -1,000000 -101,000000 0,000000 0,000000
340 1631643558 0,200000 -1,000000 -101,000000 0,000000 0,000000
340 1631643559 0,200000 -1,000000 -101,000000 0,000000 0,000000
340 1631643560 0,200000 -1,000000 -101,000000 0,000000 0,000000
340 1631643640 0,200000 -1,000000 0,200000 0,200000 0,008000
340 1631643639 0,200000 -1,000000 0,200000 0,200000 0,008000
340 1631643638 0,200000 -1,000000 0,200000 0,200000 0,008000
340 1631643637 0,200000 -1,000000 0,200000 0,200000 0,008000
340 1631643636 0,200000 -1,000000 0,200000 0,200000 0,008000
340 1631643595 0,200000 -1,000000 0,200000 0,200000 0,008000
340 1631643594 0,200000 -1,000000 0,200000 0,200000 0,008000
340 1631643593 0,200000 -1,000000 0,200000 0,200000 0,008000
340 1631643592 0,200000 -1,000000 0,200000 0,200000 0,008000
340 1631643591 0,200000 -1,000000 0,200000 0,200000 0,008000
340 1631643591 0,200000 -1,000000 -101,000000 0,000000 0,000000
340 1631643592 0,200000 -1,000000 -101,000000 0,000000 0,000000
340 1631643593 0,200000 -1,000000 -101,000000 0,000000 0,000000
340 1631643594 0,200000 -1,000000 -101,000000 0,000000 0,000000
340 1631643595 0,200000 -1,000000 -101,000000 0,000000 0,000000
340 1631643636 0,200000 -1,000000 -101,000000 0,000000 0,000000
340 1631643637 0,200000 -1,000000 -101,000000 0,000000 0,000000
340 1631643638 0,200000 -1,000000 -101,000000 0,000000 0,000000
340 1631643639 0,200000 -1,000000 -101,000000 0,000000 0,000000
340 1631643640 0,200000 -1,000000 -101,000000 0,000000 0,000000
340 1631643676 0,200000 -1,000000 -101,000000 0,000000 0,000000
340 1631643677 0,200000 -1,000000 -101,000000 0,000000 0,000000
340 1631643678 0,200000 -1,000000 -101,000000 0,000000 0,000000
340 1631643679 0,200000 -1,000000 -101,000000 0,000000 0,000000
340 1631643680 0,200000 -1,000000 -101,000000 0,000000 0,000000
340 1631643771 0,200000 -1,000000 -101,000000 0,000000 0,000000
340 1631643772 0,200000 -1,000000 -101,000000 0,000000 0,000000
340 1631643773 0,200000 -1,000000 -101,000000 0,000000 0,000000
340 1631643774 0,200000 -1,000000 -101,000000 0,000000 0,000000
340 1631643775 0,200000 -1,000000 -101,000000 0,000000 0,000000
340 1631643796 0,200000 -1,000000 -101,000000 0,000000 0,000000
340 1631643797 0,200000 -1,000000 -101,000000 0,000000 0,000000
340 1631643798 0,200000 -1,000000 -101,000000 0,000000 0,000000
340 1631643799 0,200000 -1,000000 -101,000000 0,000000 0,000000
340 1631643800 0,200000 -1,000000 -101,000000 0,000000 0,000000
340 1631643826 0,200000 -1,000000 -101,000000 0,000000 0,000000
340 1631643827 0,200000 -1,000000 -101,000000 0,000000 0,000000
340 1631643828 0,200000 -1,000000 -101,000000 0,000000 0,000000
340 1631643829 0,200000 -1,000000 -101,000000 0,000000 0,000000
340 1631643830 0,200000 -1,000000 -101,000000 0,000000 0,000000
340 1631643836 0,200000 -1,000000 -101,000000 0,000000 0,000000
340 1631643837 0,200000 -1,000000 -101,000000 0,000000 0,000000
340 1631643838 0,200000 -1,000000 -101,000000 0,000000 0,000000
340 1631643839 0,200000 -1,000000 -101,000000 0,000000 0,000000
340 1631643840 0,200000 -1,000000 -101,000000 0,000000 0,000000
340 1631643871 0,200000 -1,000000 -101,000000 0,000000 0,000000
340 1631643872 0,200000 -1,000000 -101,000000 0,000000 0,000000
340 1631643873 0,200000 -1,000000 -101,000000 0,000000 0,000000
340 1631643874 0,200000 -1,000000 -101,000000 0,000000 0,000000
340 1631643875 0,200000 -1,000000 -101,000000 0,000000 0,000000
340 1631643891 0,200000 -1,000000 -101,000000 0,000000 0,000000
340 1631643892 0,200000 -1,000000 -101,000000 0,000000 0,000000
340 1631643893 0,200000 -1,000000 -101,000000 0,000000 0,000000
340 1631643894 0,200000 -1,000000 -101,000000 0,000000 0,000000
340 1631643895 0,200000 -1,000000 -101,000000 0,000000 0,000000
340 1631643936 0,200000 -1,000000 -101,000000 0,000000 0,000000
340 1631643937 0,200000 -1,000000 -101,000000 0,000000 0,000000
340 1631643938 0,200000 -1,000000 -101,000000 0,000000 0,000000
340 1631643939 0,200000 -1,000000 -101,000000 0,000000 0,000000
340 1631643940 0,200000 -1,000000 -101,000000 0,000000 0,000000
340 1631643966 0,200000 -1,000000 -101,000000 0,000000 0,000000
340 1631643967 0,200000 -1,000000 -101,000000 0,000000 0,000000
340 1631643968 0,200000 -1,000000 -101,000000 0,000000 0,000000
340 1631643969 0,200000 -1,000000 -101,000000 0,000000 0,000000
340 1631643970 0,200000 -1,000000 -101,000000 0,000000 0,000000
340 1631644031 0,200000 -1,000000 -101,000000 0,000000 0,000000
340 1631644032 0,200000 -1,000000 -101,000000 0,000000 0,000000
340 1631644033 0,200000 -1,000000 -101,000000 0,000000 0,000000
340 1631644034 0,200000 -1,000000 -101,000000 0,000000 0,000000
340 1631644035 0,200000 -1,000000 -101,000000 0,000000 0,000000
340 1631644041 0,200000 -1,000000 -101,000000 0,000000 0,000000
340 1631644042 0,200000 -1,000000 -101,000000 0,000000 0,000000
340 1631644043 0,200000 -1,000000 -101,000000 0,000000 0,000000
340 1631644044 0,200000 -1,000000 -101,000000 0,000000 0,000000
340 1631644045 0,200000 -1,000000 -101,000000 0,000000 0,000000
340 1631644071 0,200000 -1,000000 -101,000000 0,000000 0,000000
340 1631644072 0,200000 -1,000000 -101,000000 0,000000 0,000000
340 1631644073 0,200000 -1,000000 -101,000000 0,000000 0,000000
340 1631644074 0,200000 -1,000000 -101,000000 0,000000 0,000000
340 1631644075 0,200000 -1,000000 -101,000000 0,000000 0,000000
340 1631644131 0,200000 -1,000000 -101,000000 0,000000 0,000000
340 1631644132 0,200000 -1,000000 -101,000000 0,000000 0,000000
340 1631644133 0,200000 -1,000000 -101,000000 0,000000 0,000000
340 1631644134 0,200000 -1,000000 -101,000000 0,000000 0,000000
340 1631644135 0,200000 -1,000000 -101,000000 0,000000 0,000000
340 1631644146 0,200000 -1,000000 -101,000000 0,000000 0,000000
340 1631644147 0,200000 -1,000000 -101,000000 0,000000 0,000000
340 1631644148 0,200000 -1,000000 -101,000000 0,000000 0,000000
340 1631644149 0,200000 -1,000000 -101,000000 0,000000 0,000000
340 1631644150 0,200000 -1,000000 -101,000000 0,000000 0,000000
340 1631644156 0,400000 -1,000000 -101,000000 0,000000 0,000000
340 1631644157 0,400000 -1,000000 -101,000000 0,000000 0,000000
340 1631644158 0,400000 -1,000000 -101,000000 0,000000 0,000000
340 1631644159 0,400000 -1,000000 -101,000000 0,000000 0,000000
340 1631644160 0,400000 -1,000000 -101,000000 0,000000 0,000000
340 1631644225 0,200000 -1,000000 0,200000 0,200000 0,016000
340 1631644224 0,200000 -1,000000 0,200000 0,200000 0,016000
340 1631644223 0,200000 -1,000000 0,200000 0,200000 0,016000
340 1631644222 0,200000 -1,000000 0,200000 0,200000 0,016000
340 1631644221 0,200000 -1,000000 0,200000 0,200000 0,016000
340 1631644220 0,200000 -1,000000 0,200000 0,200000 0,016000
340 1631644219 0,200000 -1,000000 0,200000 0,200000 0,016000
340 1631644218 0,200000 -1,000000 0,200000 0,200000 0,016000
340 1631644217 0,200000 -1,000000 0,200000 0,200000 0,016000
340 1631644216 0,200000 -1,000000 0,200000 0,200000 0,016000
340 1631644210 0,200000 -1,000000 0,200000 0,200000 0,016000
340 1631644209 0,200000 -1,000000 0,200000 0,200000 0,016000
340 1631644208 0,200000 -1,000000 0,200000 0,200000 0,016000
340 1631644207 0,200000 -1,000000 0,200000 0,200000 0,016000
340 1631644206 0,200000 -1,000000 0,200000 0,200000 0,016000
340 1631644206 0,200000 -1,000000 -101,000000 0,000000 0,000000
340 1631644207 0,200000 -1,000000 -101,000000 0,000000 0,000000
340 1631644208 0,200000 -1,000000 -101,000000 0,000000 0,000000
340 1631644209 0,200000 -1,000000 -101,000000 0,000000 0,000000
340 1631644210 0,200000 -1,000000 -101,000000 0,000000 0,000000
340 1631644216 0,200000 -1,000000 -101,000000 0,000000 0,000000
340 1631644217 0,200000 -1,000000 -101,000000 0,000000 0,000000
340 1631644218 0,200000 -1,000000 -101,000000 0,000000 0,000000
340 1631644219 0,200000 -1,000000 -101,000000 0,000000 0,000000
340 1631644220 0,200000 -1,000000 -101,000000 0,000000 0,000000
340 1631644221 0,200000 -1,000000 -101,000000 0,000000 0,000000
340 1631644222 0,200000 -1,000000 -101,000000 0,000000 0,000000
340 1631644223 0,200000 -1,000000 -101,000000 0,000000 0,000000
340 1631644224 0,200000 -1,000000 -101,000000 0,000000 0,000000
340 1631644225 0,200000 -1,000000 -101,000000 0,000000 0,000000
340 1631644326 0,200000 -1,000000 -101,000000 0,000000 0,000000
340 1631644327 0,200000 -1,000000 -101,000000 0,000000 0,000000
340 1631644328 0,200000 -1,000000 -101,000000 0,000000 0,000000
340 1631644329 0,200000 -1,000000 -101,000000 0,000000 0,000000
340 1631644330 0,200000 -1,000000 -101,000000 0,000000 0,000000
340 1631644441 0,200000 -1,000000 -101,000000 0,000000 0,000000
340 1631644442 0,200000 -1,000000 -101,000000 0,000000 0,000000
340 1631644443 0,200000 -1,000000 -101,000000 0,000000 0,000000
340 1631644444 0,200000 -1,000000 -101,000000 0,000000 0,000000
340 1631644445 0,200000 -1,000000 -101,000000 0,000000 0,000000
340 1631644446 0,200000 -1,000000 -101,000000 0,000000 0,000000
340 1631644447 0,200000 -1,000000 -101,000000 0,000000 0,000000
340 1631644448 0,200000 -1,000000 -101,000000 0,000000 0,000000
340 1631644449 0,200000 -1,000000 -101,000000 0,000000 0,000000
340 1631644450 0,200000 -1,000000 -101,000000 0,000000 0,000000
340 1631644496 0,200000 -1,000000 -101,000000 0,000000 0,000000
340 1631644497 0,200000 -1,000000 -101,000000 0,000000 0,000000
340 1631644498 0,200000 -1,000000 -101,000000 0,000000 0,000000
340 1631644499 0,200000 -1,000000 -101,000000 0,000000 0,000000
340 1631644500 0,200000 -1,000000 -101,000000 0,000000 0,000000
340 1631644536 0,200000 -1,000000 -101,000000 0,000000 0,000000
340 1631644537 0,200000 -1,000000 -101,000000 0,000000 0,000000
340 1631644538 0,200000 -1,000000 -101,000000 0,000000 0,000000
340 1631644539 0,200000 -1,000000 -101,000000 0,000000 0,000000
340 1631644540 0,200000 -1,000000 -101,000000 0,000000 0,000000
340 1631644541 0,200000 -1,000000 -101,000000 0,000000 0,000000
340 1631644542 0,200000 -1,000000 -101,000000 0,000000 0,000000
340 1631644543 0,200000 -1,000000 -101,000000 0,000000 0,000000
340 1631644544 0,200000 -1,000000 -101,000000 0,000000 0,000000
340 1631644545 0,200000 -1,000000 -101,000000 0,000000 0,000000
340 1631644591 0,200000 -1,000000 -101,000000 0,000000 0,000000
340 1631644592 0,200000 -1,000000 -101,000000 0,000000 0,000000
340 1631644593 0,200000 -1,000000 -101,000000 0,000000 0,000000
340 1631644594 0,200000 -1,000000 -101,000000 0,000000 0,000000
340 1631644595 0,200000 -1,000000 -101,000000 0,000000 0,000000
340 1631644596 0,400000 -1,000000 -101,000000 0,000000 0,000000
340 1631644597 0,400000 -1,000000 -101,000000 0,000000 0,000000
340 1631644598 0,400000 -1,000000 -101,000000 0,000000 0,000000
340 1631644599 0,400000 -1,000000 -101,000000 0,000000 0,000000
340 1631644600 0,400000 -1,000000 -101,000000 0,000000 0,000000
340 1631644686 0,200000 -1,000000 -101,000000 0,000000 0,000000
340 1631644687 0,200000 -1,000000 -101,000000 0,000000 0,000000
340 1631644688 0,200000 -1,000000 -101,000000 0,000000 0,000000
340 1631644689 0,200000 -1,000000 -101,000000 0,000000 0,000000
340 1631644690 0,200000 -1,000000 -101,000000 0,000000 0,000000
340 1631644741 0,200000 -1,000000 -101,000000 0,000000 0,000000
340 1631644742 0,200000 -1,000000 -101,000000 0,000000 0,000000
340 1631644743 0,200000 -1,000000 -101,000000 0,000000 0,000000
340 1631644744 0,200000 -1,000000 -101,000000 0,000000 0,000000
340 1631644745 0,200000 -1,000000 -101,000000 0,000000 0,000000
340 1631644776 0,200000 -1,000000 -101,000000 0,000000 0,000000
340 1631644777 0,200000 -1,000000 -101,000000 0,000000 0,000000
340 1631644778 0,200000 -1,000000 -101,000000 0,000000 0,000000
340 1631644779 0,200000 -1,000000 -101,000000 0,000000 0,000000
340 1631644780 0,200000 -1,000000 -101,000000 0,000000 0,000000
340 1631644850 0,200000 -1,000000 0,200000 0,200000 0,016000
340 1631644849 0,200000 -1,000000 0,200000 0,200000 0,016000
340 1631644848 0,200000 -1,000000 0,200000 0,200000 0,016000
340 1631644847 0,200000 -1,000000 0,200000 0,200000 0,016000
340 1631644846 0,200000 -1,000000 0,200000 0,200000 0,016000
340 1631644835 0,200000 -1,000000 0,200000 0,200000 0,016000
340 1631644834 0,200000 -1,000000 0,200000 0,200000 0,016000
340 1631644833 0,200000 -1,000000 0,200000 0,200000 0,016000
340 1631644832 0,200000 -1,000000 0,200000 0,200000 0,016000
340 1631644831 0,200000 -1,000000 0,200000 0,200000 0,016000
340 1631644815 0,200000 -1,000000 0,200000 0,200000 0,016000
340 1631644814 0,200000 -1,000000 0,200000 0,200000 0,016000
340 1631644813 0,200000 -1,000000 0,200000 0,200000 0,016000
340 1631644812 0,200000 -1,000000 0,200000 0,200000 0,016000
340 1631644811 0,200000 -1,000000 0,200000 0,200000 0,016000
340 1631644805 0,200000 -1,000000 0,200000 0,200000 0,016000
340 1631644804 0,200000 -1,000000 0,200000 0,200000 0,016000
340 1631644803 0,200000 -1,000000 0,200000 0,200000 0,016000
340 1631644802 0,200000 -1,000000 0,200000 0,200000 0,016000
340 1631644801 0,200000 -1,000000 0,200000 0,200000 0,016000
340 1631644801 0,200000 -1,000000 -101,000000 0,000000 0,000000
340 1631644802 0,200000 -1,000000 -101,000000 0,000000 0,000000
340 1631644803 0,200000 -1,000000 -101,000000 0,000000 0,000000
340 1631644804 0,200000 -1,000000 -101,000000 0,000000 0,000000
340 1631644805 0,200000 -1,000000 -101,000000 0,000000 0,000000
340 1631644811 0,200000 -1,000000 -101,000000 0,000000 0,000000
340 1631644812 0,200000 -1,000000 -101,000000 0,000000 0,000000
340 1631644813 0,200000 -1,000000 -101,000000 0,000000 0,000000
340 1631644814 0,200000 -1,000000 -101,000000 0,000000 0,000000
340 1631644815 0,200000 -1,000000 -101,000000 0,000000 0,000000
340 1631644831 0,200000 -1,000000 -101,000000 0,000000 0,000000
340 1631644832 0,200000 -1,000000 -101,000000 0,000000 0,000000
340 1631644833 0,200000 -1,000000 -101,000000 0,000000 0,000000
340 1631644834 0,200000 -1,000000 -101,000000 0,000000 0,000000
340 1631644835 0,200000 -1,000000 -101,000000 0,000000 0,000000
340 1631644846 0,200000 -1,000000 -101,000000 0,000000 0,000000
340 1631644847 0,200000 -1,000000 -101,000000 0,000000 0,000000
340 1631644848 0,200000 -1,000000 -101,000000 0,000000 0,000000
340 1631644849 0,200000 -1,000000 -101,000000 0,000000 0,000000
340 1631644850 0,200000 -1,000000 -101,000000 0,000000 0,000000
340 1631644876 0,200000 -1,000000 -101,000000 0,000000 0,000000
340 1631644877 0,200000 -1,000000 -101,000000 0,000000 0,000000
340 1631644878 0,200000 -1,000000 -101,000000 0,000000 0,000000
340 1631644879 0,200000 -1,000000 -101,000000 0,000000 0,000000
340 1631644880 0,200000 -1,000000 -101,000000 0,000000 0,000000
340 1631644921 0,200000 -1,000000 -101,000000 0,000000 0,000000
340 1631644922 0,200000 -1,000000 -101,000000 0,000000 0,000000
340 1631644923 0,200000 -1,000000 -101,000000 0,000000 0,000000
340 1631644924 0,200000 -1,000000 -101,000000 0,000000 0,000000
340 1631644925 0,200000 -1,000000 -101,000000 0,000000 0,000000
340 1631644971 0,200000 -1,000000 -101,000000 0,000000 0,000000
340 1631644972 0,200000 -1,000000 -101,000000 0,000000 0,000000
340 1631644973 0,200000 -1,000000 -101,000000 0,000000 0,000000
340 1631644974 0,200000 -1,000000 -101,000000 0,000000 0,000000
340 1631644975 0,200000 -1,000000 -101,000000 0,000000 0,000000
340 1631645016 0,200000 -1,000000 -101,000000 0,000000 0,000000
340 1631645017 0,200000 -1,000000 -101,000000 0,000000 0,000000
340 1631645018 0,200000 -1,000000 -101,000000 0,000000 0,000000
340 1631645019 0,200000 -1,000000 -101,000000 0,000000 0,000000
340 1631645020 0,200000 -1,000000 -101,000000 0,000000 0,000000
340 1631645021 0,400000 -1,000000 -101,000000 0,000000 0,000000
340 1631645022 0,400000 -1,000000 -101,000000 0,000000 0,000000
340 1631645023 0,400000 -1,000000 -101,000000 0,000000 0,000000
340 1631645024 0,400000 -1,000000 -101,000000 0,000000 0,000000
340 1631645025 0,400000 -1,000000 -101,000000 0,000000 0,000000
340 1631645071 0,200000 -1,000000 -101,000000 0,000000 0,000000
340 1631645072 0,200000 -1,000000 -101,000000 0,000000 0,000000
340 1631645073 0,200000 -1,000000 -101,000000 0,000000 0,000000
340 1631645074 0,200000 -1,000000 -101,000000 0,000000 0,000000
340 1631645075 0,200000 -1,000000 -101,000000 0,000000 0,000000
340 1631645091 0,200000 -1,000000 -101,000000 0,000000 0,000000
340 1631645092 0,200000 -1,000000 -101,000000 0,000000 0,000000
340 1631645093 0,200000 -1,000000 -101,000000 0,000000 0,000000
340 1631645094 0,200000 -1,000000 -101,000000 0,000000 0,000000
340 1631645095 0,200000 -1,000000 -101,000000 0,000000 0,000000
340 1631645146 0,200000 -1,000000 -101,000000 0,000000 0,000000
340 1631645147 0,200000 -1,000000 -101,000000 0,000000 0,000000
340 1631645148 0,200000 -1,000000 -101,000000 0,000000 0,000000
340 1631645149 0,200000 -1,000000 -101,000000 0,000000 0,000000
340 1631645150 0,200000 -1,000000 -101,000000 0,000000 0,000000
340 1631645161 0,400000 -1,000000 -101,000000 0,000000 0,000000
340 1631645162 0,400000 -1,000000 -101,000000 0,000000 0,000000
340 1631645163 0,400000 -1,000000 -101,000000 0,000000 0,000000
340 1631645164 0,400000 -1,000000 -101,000000 0,000000 0,000000
340 1631645165 0,400000 -1,000000 -101,000000 0,000000 0,000000
340 1631645166 0,200000 -1,000000 -101,000000 0,000000 0,000000
340 1631645167 0,200000 -1,000000 -101,000000 0,000000 0,000000
340 1631645168 0,200000 -1,000000 -101,000000 0,000000 0,000000
340 1631645169 0,200000 -1,000000 -101,000000 0,000000 0,000000
340 1631645170 0,200000 -1,000000 -101,000000 0,000000 0,000000
340 1631645176 0,200000 -1,000000 -101,000000 0,000000 0,000000
340 1631645177 0,200000 -1,000000 -101,000000 0,000000 0,000000
340 1631645178 0,200000 -1,000000 -101,000000 0,000000 0,000000
340 1631645179 0,200000 -1,000000 -101,000000 0,000000 0,000000
340 1631645180 0,200000 -1,000000 -101,000000 0,000000 0,000000
340 1631645191 0,200000 -1,000000 -101,000000 0,000000 0,000000
340 1631645192 0,200000 -1,000000 -101,000000 0,000000 0,000000
340 1631645193 0,200000 -1,000000 -101,000000 0,000000 0,000000
340 1631645194 0,200000 -1,000000 -101,000000 0,000000 0,000000
340 1631645195 0,200000 -1,000000 -101,000000 0,000000 0,000000
340 1631645211 0,200000 -1,000000 -101,000000 0,000000 0,000000
340 1631645212 0,200000 -1,000000 -101,000000 0,000000 0,000000
340 1631645213 0,200000 -1,000000 -101,000000 0,000000 0,000000
340 1631645214 0,200000 -1,000000 -101,000000 0,000000 0,000000
340 1631645215 0,200000 -1,000000 -101,000000 0,000000 0,000000
340 1631645216 0,200000 -1,000000 -101,000000 0,000000 0,000000
340 1631645217 0,200000 -1,000000 -101,000000 0,000000 0,000000
340 1631645218 0,200000 -1,000000 -101,000000 0,000000 0,000000
340 1631645219 0,200000 -1,000000 -101,000000 0,000000 0,000000
340 1631645220 0,200000 -1,000000 -101,000000 0,000000 0,000000
340 1631645236 0,200000 -1,000000 -101,000000 0,000000 0,000000
340 1631645237 0,200000 -1,000000 -101,000000 0,000000 0,000000
340 1631645238 0,200000 -1,000000 -101,000000 0,000000 0,000000
340 1631645239 0,200000 -1,000000 -101,000000 0,000000 0,000000
340 1631645240 0,200000 -1,000000 -101,000000 0,000000 0,000000
340 1631645251 0,200000 -1,000000 -101,000000 0,000000 0,000000
340 1631645252 0,200000 -1,000000 -101,000000 0,000000 0,000000
340 1631645253 0,200000 -1,000000 -101,000000 0,000000 0,000000
340 1631645254 0,200000 -1,000000 -101,000000 0,000000 0,000000
340 1631645255 0,200000 -1,000000 -101,000000 0,000000 0,000000
340 1631645261 0,200000 -1,000000 -101,000000 0,000000 0,000000
340 1631645262 0,200000 -1,000000 -101,000000 0,000000 0,000000
340 1631645263 0,200000 -1,000000 -101,000000 0,000000 0,000000
340 1631645264 0,200000 -1,000000 -101,000000 0,000000 0,000000
340 1631645265 0,200000 -1,000000 -101,000000 0,000000 0,000000
340 1631645281 0,200000 -1,000000 -101,000000 0,000000 0,000000
340 1631645282 0,200000 -1,000000 -101,000000 0,000000 0,000000
340 1631645283 0,200000 -1,000000 -101,000000 0,000000 0,000000
340 1631645284 0,200000 -1,000000 -101,000000 0,000000 0,000000
340 1631645285 0,200000 -1,000000 -101,000000 0,000000 0,000000
340 1631645286 0,200000 -1,000000 -101,000000 0,000000 0,000000
340 1631645287 0,200000 -1,000000 -101,000000 0,000000 0,000000
340 1631645288 0,200000 -1,000000 -101,000000 0,000000 0,000000
340 1631645289 0,200000 -1,000000 -101,000000 0,000000 0,000000
340 1631645290 0,200000 -1,000000 -101,000000 0,000000 0,000000
340 1631645306 0,200000 -1,000000 -101,000000 0,000000 0,000000
340 1631645307 0,200000 -1,000000 -101,000000 0,000000 0,000000
340 1631645308 0,200000 -1,000000 -101,000000 0,000000 0,000000
340 1631645309 0,200000 -1,000000 -101,000000 0,000000 0,000000
340 1631645310 0,200000 -1,000000 -101,000000 0,000000 0,000000
340 1631645311 0,200000 -1,000000 -101,000000 0,000000 0,000000
340 1631645312 0,200000 -1,000000 -101,000000 0,000000 0,000000
340 1631645313 0,200000 -1,000000 -101,000000 0,000000 0,000000
340 1631645314 0,200000 -1,000000 -101,000000 0,000000 0,000000
340 1631645315 0,200000 -1,000000 -101,000000 0,000000 0,000000
340 1631645326 0,200000 -1,000000 -101,000000 0,000000 0,000000
340 1631645327 0,200000 -1,000000 -101,000000 0,000000 0,000000
340 1631645328 0,200000 -1,000000 -101,000000 0,000000 0,000000
340 1631645329 0,200000 -1,000000 -101,000000 0,000000 0,000000
340 1631645330 0,200000 -1,000000 -101,000000 0,000000 0,000000
340 1631645336 0,400000 -1,000000 -101,000000 0,000000 0,000000
340 1631645337 0,400000 -1,000000 -101,000000 0,000000 0,000000
340 1631645338 0,400000 -1,000000 -101,000000 0,000000 0,000000
340 1631645339 0,400000 -1,000000 -101,000000 0,000000 0,000000
340 1631645340 0,400000 -1,000000 -101,000000 0,000000 0,000000
340 1631645351 0,200000 -1,000000 -101,000000 0,000000 0,000000
340 1631645352 0,200000 -1,000000 -101,000000 0,000000 0,000000
340 1631645353 0,200000 -1,000000 -101,000000 0,000000 0,000000
340 1631645354 0,200000 -1,000000 -101,000000 0,000000 0,000000
340 1631645355 0,200000 -1,000000 -101,000000 0,000000 0,000000
340 1631645356 0,200000 -1,000000 -101,000000 0,000000 0,000000
340 1631645357 0,200000 -1,000000 -101,000000 0,000000 0,000000
340 1631645358 0,200000 -1,000000 -101,000000 0,000000 0,000000
340 1631645359 0,200000 -1,000000 -101,000000 0,000000 0,000000
340 1631645360 0,200000 -1,000000 -101,000000 0,000000 0,000000
340 1631645361 0,400000 -1,000000 -101,000000 0,000000 0,000000
340 1631645362 0,400000 -1,000000 -101,000000 0,000000 0,000000
340 1631645363 0,400000 -1,000000 -101,000000 0,000000 0,000000
340 1631645364 0,400000 -1,000000 -101,000000 0,000000 0,000000
340 1631645365 0,400000 -1,000000 -101,000000 0,000000 0,000000
340 1631645460 0,200000 -1,000000 0,200000 0,200000 0,008000
340 1631645459 0,200000 -1,000000 0,200000 0,200000 0,008000
340 1631645458 0,200000 -1,000000 0,200000 0,200000 0,008000
340 1631645457 0,200000 -1,000000 0,200000 0,200000 0,008000
340 1631645456 0,200000 -1,000000 0,200000 0,200000 0,008000
340 1631645435 0,200000 -1,000000 0,200000 0,200000 0,008000
340 1631645434 0,200000 -1,000000 0,200000 0,200000 0,008000
340 1631645433 0,200000 -1,000000 0,200000 0,200000 0,008000
340 1631645432 0,200000 -1,000000 0,200000 0,200000 0,008000
340 1631645431 0,200000 -1,000000 0,200000 0,200000 0,008000
340 1631645431 0,200000 -1,000000 -101,000000 0,000000 0,000000
340 1631645432 0,200000 -1,000000 -101,000000 0,000000 0,000000
340 1631645433 0,200000 -1,000000 -101,000000 0,000000 0,000000
340 1631645434 0,200000 -1,000000 -101,000000 0,000000 0,000000
340 1631645435 0,200000 -1,000000 -101,000000 0,000000 0,000000
340 1631645456 0,200000 -1,000000 -101,000000 0,000000 0,000000
340 1631645457 0,200000 -1,000000 -101,000000 0,000000 0,000000
340 1631645458 0,200000 -1,000000 -101,000000 0,000000 0,000000
340 1631645459 0,200000 -1,000000 -101,000000 0,000000 0,000000
340 1631645460 0,200000 -1,000000 -101,000000 0,000000 0,000000
340 1631645471 0,200000 -1,000000 -101,000000 0,000000 0,000000
340 1631645472 0,200000 -1,000000 -101,000000 0,000000 0,000000
340 1631645473 0,200000 -1,000000 -101,000000 0,000000 0,000000
340 1631645474 0,200000 -1,000000 -101,000000 0,000000 0,000000
340 1631645475 0,200000 -1,000000 -101,000000 0,000000 0,000000
340 1631645506 0,200000 -1,000000 -101,000000 0,000000 0,000000
340 1631645507 0,200000 -1,000000 -101,000000 0,000000 0,000000
340 1631645508 0,200000 -1,000000 -101,000000 0,000000 0,000000
340 1631645509 0,200000 -1,000000 -101,000000 0,000000 0,000000
340 1631645510 0,200000 -1,000000 -101,000000 0,000000 0,000000
340 1631645526 0,200000 -1,000000 -101,000000 0,000000 0,000000
340 1631645527 0,200000 -1,000000 -101,000000 0,000000 0,000000
340 1631645528 0,200000 -1,000000 -101,000000 0,000000 0,000000
340 1631645529 0,200000 -1,000000 -101,000000 0,000000 0,000000
340 1631645530 0,200000 -1,000000 -101,000000 0,000000 0,000000
340 1631645551 0,200000 -1,000000 -101,000000 0,000000 0,000000
340 1631645552 0,200000 -1,000000 -101,000000 0,000000 0,000000
340 1631645553 0,200000 -1,000000 -101,000000 0,000000 0,000000
340 1631645554 0,200000 -1,000000 -101,000000 0,000000 0,000000
340 1631645555 0,200000 -1,000000 -101,000000 0,000000 0,000000
340 1631645561 0,200000 -1,000000 -101,000000 0,000000 0,000000
340 1631645562 0,200000 -1,000000 -101,000000 0,000000 0,000000
340 1631645563 0,200000 -1,000000 -101,000000 0,000000 0,000000
340 1631645564 0,200000 -1,000000 -101,000000 0,000000 0,000000
340 1631645565 0,200000 -1,000000 -101,000000 0,000000 0,000000
340 1631645601 0,200000 -1,000000 -101,000000 0,000000 0,000000
340 1631645602 0,200000 -1,000000 -101,000000 0,000000 0,000000
340 1631645603 0,200000 -1,000000 -101,000000 0,000000 0,000000
340 1631645604 0,200000 -1,000000 -101,000000 0,000000 0,000000
340 1631645605 0,200000 -1,000000 -101,000000 0,000000 0,000000
340 1631645651 0,200000 -1,000000 -101,000000 0,000000 0,000000
340 1631645652 0,200000 -1,000000 -101,000000 0,000000 0,000000
340 1631645653 0,200000 -1,000000 -101,000000 0,000000 0,000000
340 1631645654 0,200000 -1,000000 -101,000000 0,000000 0,000000
340 1631645655 0,200000 -1,000000 -101,000000 0,000000 0,000000
340 1631645656 0,200000 -1,000000 -101,000000 0,000000 0,000000
340 1631645657 0,200000 -1,000000 -101,000000 0,000000 0,000000
340 1631645658 0,200000 -1,000000 -101,000000 0,000000 0,000000
340 1631645659 0,200000 -1,000000 -101,000000 0,000000 0,000000
340 1631645660 0,200000 -1,000000 -101,000000 0,000000 0,000000
340 1631645661 0,200000 -1,000000 -101,000000 0,000000 0,000000
340 1631645662 0,200000 -1,000000 -101,000000 0,000000 0,000000
340 1631645663 0,200000 -1,000000 -101,000000 0,000000 0,000000
340 1631645664 0,200000 -1,000000 -101,000000 0,000000 0,000000
340 1631645665 0,200000 -1,000000 -101,000000 0,000000 0,000000
340 1631645696 0,200000 -1,000000 -101,000000 0,000000 0,000000
340 1631645697 0,200000 -1,000000 -101,000000 0,000000 0,000000
340 1631645698 0,200000 -1,000000 -101,000000 0,000000 0,000000
340 1631645699 0,200000 -1,000000 -101,000000 0,000000 0,000000
340 1631645700 0,200000 -1,000000 -101,000000 0,000000 0,000000
340 1631645731 0,200000 -1,000000 -101,000000 0,000000 0,000000
340 1631645732 0,200000 -1,000000 -101,000000 0,000000 0,000000
340 1631645733 0,200000 -1,000000 -101,000000 0,000000 0,000000
340 1631645734 0,200000 -1,000000 -101,000000 0,000000 0,000000
340 1631645735 0,200000 -1,000000 -101,000000 0,000000 0,000000
340 1631645741 0,200000 -1,000000 -101,000000 0,000000 0,000000
340 1631645742 0,200000 -1,000000 -101,000000 0,000000 0,000000
340 1631645743 0,200000 -1,000000 -101,000000 0,000000 0,000000
340 1631645744 0,200000 -1,000000 -101,000000 0,000000 0,000000
340 1631645745 0,200000 -1,000000 -101,000000 0,000000 0,000000
340 1631645791 0,200000 -1,000000 -101,000000 0,000000 0,000000
340 1631645792 0,200000 -1,000000 -101,000000 0,000000 0,000000
340 1631645793 0,200000 -1,000000 -101,000000 0,000000 0,000000
340 1631645794 0,200000 -1,000000 -101,000000 0,000000 0,000000
340 1631645795 0,200000 -1,000000 -101,000000 0,000000 0,000000
340 1631645801 0,200000 -1,000000 -101,000000 0,000000 0,000000
340 1631645802 0,200000 -1,000000 -101,000000 0,000000 0,000000
340 1631645803 0,200000 -1,000000 -101,000000 0,000000 0,000000
340 1631645804 0,200000 -1,000000 -101,000000 0,000000 0,000000
340 1631645805 0,200000 -1,000000 -101,000000 0,000000 0,000000
340 1631645851 0,200000 -1,000000 -101,000000 0,000000 0,000000
340 1631645852 0,200000 -1,000000 -101,000000 0,000000 0,000000
340 1631645853 0,200000 -1,000000 -101,000000 0,000000 0,000000
340 1631645854 0,200000 -1,000000 -101,000000 0,000000 0,000000
340 1631645855 0,200000 -1,000000 -101,000000 0,000000 0,000000
340 1631645886 0,200000 -1,000000 -101,000000 0,000000 0,000000
340 1631645887 0,200000 -1,000000 -101,000000 0,000000 0,000000
340 1631645888 0,200000 -1,000000 -101,000000 0,000000 0,000000
340 1631645889 0,200000 -1,000000 -101,000000 0,000000 0,000000
340 1631645890 0,200000 -1,000000 -101,000000 0,000000 0,000000
340 1631645936 0,200000 -1,000000 -101,000000 0,000000 0,000000
340 1631645937 0,200000 -1,000000 -101,000000 0,000000 0,000000
340 1631645938 0,200000 -1,000000 -101,000000 0,000000 0,000000
340 1631645939 0,200000 -1,000000 -101,000000 0,000000 0,000000
340 1631645940 0,200000 -1,000000 -101,000000 0,000000 0,000000
340 1631645951 0,200000 -1,000000 -101,000000 0,000000 0,000000
340 1631645952 0,200000 -1,000000 -101,000000 0,000000 0,000000
340 1631645953 0,200000 -1,000000 -101,000000 0,000000 0,000000
340 1631645954 0,200000 -1,000000 -101,000000 0,000000 0,000000
340 1631645955 0,200000 -1,000000 -101,000000 0,000000 0,000000
340 1631646050 0,200000 -1,000000 0,200000 0,200000 0,008000
340 1631646049 0,200000 -1,000000 0,200000 0,200000 0,008000
340 1631646048 0,200000 -1,000000 0,200000 0,200000 0,008000
340 1631646047 0,200000 -1,000000 0,200000 0,200000 0,008000
340 1631646046 0,200000 -1,000000 0,200000 0,200000 0,008000
340 1631646040 0,200000 -1,000000 0,200000 0,200000 0,008000
340 1631646039 0,200000 -1,000000 0,200000 0,200000 0,008000
340 1631646038 0,200000 -1,000000 0,200000 0,200000 0,008000
340 1631646037 0,200000 -1,000000 0,200000 0,200000 0,008000
340 1631646036 0,200000 -1,000000 0,200000 0,200000 0,008000
340 1631646035 0,200000 -1,000000 0,200000 0,200000 0,008000
340 1631646034 0,200000 -1,000000 0,200000 0,200000 0,008000
340 1631646033 0,200000 -1,000000 0,200000 0,200000 0,008000
340 1631646032 0,200000 -1,000000 0,200000 0,200000 0,008000
340 1631646031 0,200000 -1,000000 0,200000 0,200000 0,008000
340 1631646015 0,200000 -1,000000 0,200000 0,200000 0,008000
340 1631646014 0,200000 -1,000000 0,200000 0,200000 0,008000
340 1631646013 0,200000 -1,000000 0,200000 0,200000 0,008000
340 1631646012 0,200000 -1,000000 0,200000 0,200000 0,008000
340 1631646011 0,200000 -1,000000 0,200000 0,200000 0,008000
340 1631646011 0,200000 -1,000000 -101,000000 0,000000 0,000000
340 1631646012 0,200000 -1,000000 -101,000000 0,000000 0,000000
340 1631646013 0,200000 -1,000000 -101,000000 0,000000 0,000000
340 1631646014 0,200000 -1,000000 -101,000000 0,000000 0,000000
340 1631646015 0,200000 -1,000000 -101,000000 0,000000 0,000000
340 1631646031 0,200000 -1,000000 -101,000000 0,000000 0,000000
340 1631646032 0,200000 -1,000000 -101,000000 0,000000 0,000000
340 1631646033 0,200000 -1,000000 -101,000000 0,000000 0,000000
340 1631646034 0,200000 -1,000000 -101,000000 0,000000 0,000000
340 1631646035 0,200000 -1,000000 -101,000000 0,000000 0,000000
340 1631646036 0,200000 -1,000000 -101,000000 0,000000 0,000000
340 1631646037 0,200000 -1,000000 -101,000000 0,000000 0,000000
340 1631646038 0,200000 -1,000000 -101,000000 0,000000 0,000000
340 1631646039 0,200000 -1,000000 -101,000000 0,000000 0,000000
340 1631646040 0,200000 -1,000000 -101,000000 0,000000 0,000000
340 1631646046 0,200000 -1,000000 -101,000000 0,000000 0,000000
340 1631646047 0,200000 -1,000000 -101,000000 0,000000 0,000000
340 1631646048 0,200000 -1,000000 -101,000000 0,000000 0,000000
340 1631646049 0,200000 -1,000000 -101,000000 0,000000 0,000000
340 1631646050 0,200000 -1,000000 -101,000000 0,000000 0,000000
340 1631646071 0,200000 -1,000000 -101,000000 0,000000 0,000000
340 1631646072 0,200000 -1,000000 -101,000000 0,000000 0,000000
340 1631646073 0,200000 -1,000000 -101,000000 0,000000 0,000000
340 1631646074 0,200000 -1,000000 -101,000000 0,000000 0,000000
340 1631646075 0,200000 -1,000000 -101,000000 0,000000 0,000000
340 1631646076 0,200000 -1,000000 -101,000000 0,000000 0,000000
340 1631646077 0,200000 -1,000000 -101,000000 0,000000 0,000000
340 1631646078 0,200000 -1,000000 -101,000000 0,000000 0,000000
340 1631646079 0,200000 -1,000000 -101,000000 0,000000 0,000000
340 1631646080 0,200000 -1,000000 -101,000000 0,000000 0,000000
340 1631646086 0,200000 -1,000000 -101,000000 0,000000 0,000000
340 1631646087 0,200000 -1,000000 -101,000000 0,000000 0,000000
340 1631646088 0,200000 -1,000000 -101,000000 0,000000 0,000000
340 1631646089 0,200000 -1,000000 -101,000000 0,000000 0,000000
340 1631646090 0,200000 -1,000000 -101,000000 0,000000 0,000000
340 1631646126 0,200000 -1,000000 -101,000000 0,000000 0,000000
340 1631646127 0,200000 -1,000000 -101,000000 0,000000 0,000000
340 1631646128 0,200000 -1,000000 -101,000000 0,000000 0,000000
340 1631646129 0,200000 -1,000000 -101,000000 0,000000 0,000000
340 1631646130 0,200000 -1,000000 -101,000000 0,000000 0,000000
340 1631646146 0,400000 -1,000000 -101,000000 0,000000 0,000000
340 1631646147 0,400000 -1,000000 -101,000000 0,000000 0,000000
340 1631646148 0,400000 -1,000000 -101,000000 0,000000 0,000000
340 1631646149 0,400000 -1,000000 -101,000000 0,000000 0,000000
340 1631646150 0,400000 -1,000000 -101,000000 0,000000 0,000000
340 1631646196 0,200000 -1,000000 -101,000000 0,000000 0,000000
340 1631646197 0,200000 -1,000000 -101,000000 0,000000 0,000000
340 1631646198 0,200000 -1,000000 -101,000000 0,000000 0,000000
340 1631646199 0,200000 -1,000000 -101,000000 0,000000 0,000000
340 1631646200 0,200000 -1,000000 -101,000000 0,000000 0,000000
340 1631646301 0,200000 -1,000000 -101,000000 0,000000 0,000000
340 1631646302 0,200000 -1,000000 -101,000000 0,000000 0,000000
340 1631646303 0,200000 -1,000000 -101,000000 0,000000 0,000000
340 1631646304 0,200000 -1,000000 -101,000000 0,000000 0,000000
340 1631646305 0,200000 -1,000000 -101,000000 0,000000 0,000000
340 1631646406 0,200000 -1,000000 -101,000000 0,000000 0,000000
340 1631646407 0,200000 -1,000000 -101,000000 0,000000 0,000000
340 1631646408 0,200000 -1,000000 -101,000000 0,000000 0,000000
340 1631646409 0,200000 -1,000000 -101,000000 0,000000 0,000000
340 1631646410 0,200000 -1,000000 -101,000000 0,000000 0,000000
340 1631646431 0,200000 -1,000000 -101,000000 0,000000 0,000000
340 1631646432 0,200000 -1,000000 -101,000000 0,000000 0,000000
340 1631646433 0,200000 -1,000000 -101,000000 0,000000 0,000000
340 1631646434 0,200000 -1,000000 -101,000000 0,000000 0,000000
340 1631646435 0,200000 -1,000000 -101,000000 0,000000 0,000000
340 1631646565 0,200000 -1,000000 0,200000 0,200000 0,016000
340 1631646564 0,200000 -1,000000 0,200000 0,200000 0,016000
340 1631646563 0,200000 -1,000000 0,200000 0,200000 0,016000
340 1631646562 0,200000 -1,000000 0,200000 0,200000 0,016000
340 1631646561 0,200000 -1,000000 0,200000 0,200000 0,016000
340 1631646561 0,200000 -1,000000 -101,000000 0,000000 0,000000
340 1631646562 0,200000 -1,000000 -101,000000 0,000000 0,000000
340 1631646563 0,200000 -1,000000 -101,000000 0,000000 0,000000
340 1631646564 0,200000 -1,000000 -101,000000 0,000000 0,000000
340 1631646565 0,200000 -1,000000 -101,000000 0,000000 0,000000
340 1631646896 0,200000 -1,000000 -101,000000 0,000000 0,000000
340 1631646897 0,200000 -1,000000 -101,000000 0,000000 0,000000
340 1631646898 0,200000 -1,000000 -101,000000 0,000000 0,000000
340 1631646899 0,200000 -1,000000 -101,000000 0,000000 0,000000
340 1631646900 0,200000 -1,000000 -101,000000 0,000000 0,000000
340 1631647071 0,200000 -1,000000 -101,000000 0,000000 0,000000
340 1631647072 0,200000 -1,000000 -101,000000 0,000000 0,000000
340 1631647073 0,200000 -1,000000 -101,000000 0,000000 0,000000
340 1631647074 0,200000 -1,000000 -101,000000 0,000000 0,000000
340 1631647075 0,200000 -1,000000 -101,000000 0,000000 0,000000
340 1631647076 0,200000 -1,000000 -101,000000 0,000000 0,000000
340 1631647077 0,200000 -1,000000 -101,000000 0,000000 0,000000
340 1631647078 0,200000 -1,000000 -101,000000 0,000000 0,000000
340 1631647079 0,200000 -1,000000 -101,000000 0,000000 0,000000
340 1631647080 0,200000 -1,000000 -101,000000 0,000000 0,000000
340 1631647086 0,200000 -1,000000 -101,000000 0,000000 0,000000
340 1631647087 0,200000 -1,000000 -101,000000 0,000000 0,000000
340 1631647088 0,200000 -1,000000 -101,000000 0,000000 0,000000
340 1631647089 0,200000 -1,000000 -101,000000 0,000000 0,000000
340 1631647090 0,200000 -1,000000 -101,000000 0,000000 0,000000
340 1631647096 0,200000 -1,000000 -101,000000 0,000000 0,000000
340 1631647097 0,200000 -1,000000 -101,000000 0,000000 0,000000
340 1631647098 0,200000 -1,000000 -101,000000 0,000000 0,000000
340 1631647099 0,200000 -1,000000 -101,000000 0,000000 0,000000
340 1631647100 0,200000 -1,000000 -101,000000 0,000000 0,000000
340 1631647156 0,200000 -1,000000 -101,000000 0,000000 0,000000
340 1631647157 0,200000 -1,000000 -101,000000 0,000000 0,000000
340 1631647158 0,200000 -1,000000 -101,000000 0,000000 0,000000
340 1631647159 0,200000 -1,000000 -101,000000 0,000000 0,000000
340 1631647160 0,200000 -1,000000 -101,000000 0,000000 0,000000
340 1631647230 0,200000 -1,000000 0,200000 0,200000 0,008000
340 1631647229 0,200000 -1,000000 0,200000 0,200000 0,008000
340 1631647228 0,200000 -1,000000 0,200000 0,200000 0,008000
340 1631647227 0,200000 -1,000000 0,200000 0,200000 0,008000
340 1631647226 0,200000 -1,000000 0,200000 0,200000 0,008000
340 1631647226 0,200000 -1,000000 -101,000000 0,000000 0,000000
340 1631647227 0,200000 -1,000000 -101,000000 0,000000 0,000000
340 1631647228 0,200000 -1,000000 -101,000000 0,000000 0,000000
340 1631647229 0,200000 -1,000000 -101,000000 0,000000 0,000000
340 1631647230 0,200000 -1,000000 -101,000000 0,000000 0,000000
340 1631647456 0,200000 -1,000000 -101,000000 0,000000 0,000000
340 1631647457 0,200000 -1,000000 -101,000000 0,000000 0,000000
340 1631647458 0,200000 -1,000000 -101,000000 0,000000 0,000000
340 1631647459 0,200000 -1,000000 -101,000000 0,000000 0,000000
340 1631647460 0,200000 -1,000000 -101,000000 0,000000 0,000000
340 1631647520 0,200000 -1,000000 0,200000 0,200000 0,008000
340 1631647519 0,200000 -1,000000 0,200000 0,200000 0,008000
340 1631647518 0,200000 -1,000000 0,200000 0,200000 0,008000
340 1631647517 0,200000 -1,000000 0,200000 0,200000 0,008000
340 1631647516 0,200000 -1,000000 0,200000 0,200000 0,008000
