264 1631381753 0,800000 -1,000000 -101,000000 0,000000 0,000000
264 1631381754 0,800000 -1,000000 -101,000000 0,000000 0,000000
264 1631381755 0,800000 -1,000000 -101,000000 0,000000 0,000000
264 1631381756 0,800000 -1,000000 -101,000000 0,000000 0,000000
264 1631381757 0,800000 -1,000000 -101,000000 0,000000 0,000000
264 1631381758 2,200000 -1,000000 -101,000000 0,000000 0,000000
264 1631381759 2,200000 -1,000000 -101,000000 0,000000 0,000000
264 1631381760 2,200000 -1,000000 -101,000000 0,000000 0,000000
264 1631381761 2,200000 -1,000000 -101,000000 0,000000 0,000000
264 1631381762 2,200000 -1,000000 -101,000000 0,000000 0,000000
264 1631381763 2,600000 -1,000000 -101,000000 0,000000 0,000000
264 1631381764 2,600000 -1,000000 -101,000000 0,000000 0,000000
264 1631381765 2,600000 -1,000000 -101,000000 0,000000 0,000000
264 1631381766 2,600000 -1,000000 -101,000000 0,000000 0,000000
264 1631381767 2,600000 -1,000000 -101,000000 0,000000 0,000000
264 1631381768 4,000000 -1,000000 -101,000000 0,000000 0,000000
264 1631381769 4,000000 -1,000000 -101,000000 0,000000 0,000000
264 1631381770 4,000000 -1,000000 -101,000000 0,000000 0,000000
264 1631381771 4,000000 -1,000000 -101,000000 0,000000 0,000000
264 1631381772 4,000000 -1,000000 -101,000000 0,000000 0,000000
264 1631381773 2,200000 -1,000000 -101,000000 0,000000 0,000000
264 1631381774 2,200000 -1,000000 -101,000000 0,000000 0,000000
264 1631381775 2,200000 -1,000000 -101,000000 0,000000 0,000000
264 1631381776 2,200000 -1,000000 -101,000000 0,000000 0,000000
264 1631381777 2,200000 -1,000000 -101,000000 0,000000 0,000000
264 1631381778 2,800000 -1,000000 -101,000000 0,000000 0,000000
264 1631381779 2,800000 -1,000000 -101,000000 0,000000 0,000000
264 1631381780 2,800000 -1,000000 -101,000000 0,000000 0,000000
264 1631381781 2,800000 -1,000000 -101,000000 0,000000 0,000000
264 1631381782 2,800000 -1,000000 -101,000000 0,000000 0,000000
264 1631381783 1,800000 -1,000000 -101,000000 0,000000 0,000000
264 1631381784 1,800000 -1,000000 -101,000000 0,000000 0,000000
264 1631381785 1,800000 -1,000000 -101,000000 0,000000 0,000000
264 1631381786 1,800000 -1,000000 -101,000000 0,000000 0,000000
264 1631381787 1,800000 -1,000000 -101,000000 0,000000 0,000000
264 1631381798 0,400000 -1,000000 -101,000000 0,000000 0,000000
264 1631381799 0,400000 -1,000000 -101,000000 0,000000 0,000000
264 1631381800 0,400000 -1,000000 -101,000000 0,000000 0,000000
264 1631381801 0,400000 -1,000000 -101,000000 0,000000 0,000000
264 1631381802 0,400000 -1,000000 -101,000000 0,000000 0,000000
264 1631381803 0,600000 -1,000000 -101,000000 0,000000 0,000000
264 1631381804 0,600000 -1,000000 -101,000000 0,000000 0,000000
264 1631381805 0,600000 -1,000000 -101,000000 0,000000 0,000000
264 1631381806 0,600000 -1,000000 -101,000000 0,000000 0,000000
264 1631381807 0,600000 -1,000000 -101,000000 0,000000 0,000000
264 1631381808 0,800000 -1,000000 -101,000000 0,000000 0,000000
264 1631381809 0,800000 -1,000000 -101,000000 0,000000 0,000000
264 1631381810 0,800000 -1,000000 -101,000000 0,000000 0,000000
264 1631381811 0,800000 -1,000000 -101,000000 0,000000 0,000000
264 1631381812 0,800000 -1,000000 -101,000000 0,000000 0,000000
264 1631381813 0,600000 -1,000000 -101,000000 0,000000 0,000000
264 1631381814 0,600000 -1,000000 -101,000000 0,000000 0,000000
264 1631381815 0,600000 -1,000000 -101,000000 0,000000 0,000000
264 1631381816 0,600000 -1,000000 -101,000000 0,000000 0,000000
264 1631381817 0,600000 -1,000000 -101,000000 0,000000 0,000000
264 1631381818 1,000000 -1,000000 -101,000000 0,000000 0,000000
264 1631381819 1,000000 -1,000000 -101,000000 0,000000 0,000000
264 1631381820 1,000000 -1,000000 -101,000000 0,000000 0,000000
264 1631381821 1,000000 -1,000000 -101,000000 0,000000 0,000000
264 1631381822 1,000000 -1,000000 -101,000000 0,000000 0,000000
264 1631381823 0,600000 -1,000000 -101,000000 0,000000 0,000000
264 1631381824 0,600000 -1,000000 -101,000000 0,000000 0,000000
264 1631381825 0,600000 -1,000000 -101,000000 0,000000 0,000000
264 1631381826 0,600000 -1,000000 -101,000000 0,000000 0,000000
264 1631381827 0,600000 -1,000000 -101,000000 0,000000 0,000000
264 1631381828 0,200000 -1,000000 -101,000000 0,000000 0,000000
264 1631381829 0,200000 -1,000000 -101,000000 0,000000 0,000000
264 1631381830 0,200000 -1,000000 -101,000000 0,000000 0,000000
264 1631381831 0,200000 -1,000000 -101,000000 0,000000 0,000000
264 1631381832 0,200000 -1,000000 -101,000000 0,000000 0,000000
264 1631381833 1,400000 -1,000000 -101,000000 0,000000 0,000000
264 1631381834 1,400000 -1,000000 -101,000000 0,000000 0,000000
264 1631381835 1,400000 -1,000000 -101,000000 0,000000 0,000000
264 1631381836 1,400000 -1,000000 -101,000000 0,000000 0,000000
264 1631381837 1,400000 -1,000000 -101,000000 0,000000 0,000000
264 1631381838 1,000000 -1,000000 -101,000000 0,000000 0,000000
264 1631381839 1,000000 -1,000000 -101,000000 0,000000 0,000000
264 1631381840 1,000000 -1,000000 -101,000000 0,000000 0,000000
264 1631381841 1,000000 -1,000000 -101,000000 0,000000 0,000000
264 1631381842 1,000000 -1,000000 -101,000000 0,000000 0,000000
264 1631381843 2,400000 -1,000000 -101,000000 0,000000 0,000000
264 1631381844 2,400000 -1,000000 -101,000000 0,000000 0,000000
264 1631381845 2,400000 -1,000000 -101,000000 0,000000 0,000000
264 1631381846 2,400000 -1,000000 -101,000000 0,000000 0,000000
264 1631381847 2,400000 -1,000000 -101,000000 0,000000 0,000000
264 1631381848 2,000000 -1,000000 -101,000000 0,000000 0,000000
264 1631381849 2,000000 -1,000000 -101,000000 0,000000 0,000000
264 1631381850 2,000000 -1,000000 -101,000000 0,000000 0,000000
264 1631381851 2,000000 -1,000000 -101,000000 0,000000 0,000000
264 1631381852 2,000000 -1,000000 -101,000000 0,000000 0,000000
264 1631381853 1,600000 -1,000000 -101,000000 0,000000 0,000000
264 1631381854 1,600000 -1,000000 -101,000000 0,000000 0,000000
264 1631381855 1,600000 -1,000000 -101,000000 0,000000 0,000000
264 1631381856 1,600000 -1,000000 -101,000000 0,000000 0,000000
264 1631381857 1,600000 -1,000000 -101,000000 0,000000 0,000000
264 1631381858 1,800000 -1,000000 -101,000000 0,000000 0,000000
264 1631381859 1,800000 -1,000000 -101,000000 0,000000 0,000000
264 1631381860 1,800000 -1,000000 -101,000000 0,000000 0,000000
264 1631381861 1,800000 -1,000000 -101,000000 0,000000 0,000000
264 1631381862 1,800000 -1,000000 -101,000000 0,000000 0,000000
264 1631381863 0,600000 -1,000000 -101,000000 0,000000 0,000000
264 1631381864 0,600000 -1,000000 -101,000000 0,000000 0,000000
264 1631381865 0,600000 -1,000000 -101,000000 0,000000 0,000000
264 1631381866 0,600000 -1,000000 -101,000000 0,000000 0,000000
264 1631381867 0,600000 -1,000000 -101,000000 0,000000 0,000000
264 1631381868 0,200000 -1,000000 -101,000000 0,000000 0,000000
264 1631381869 0,200000 -1,000000 -101,000000 0,000000 0,000000
264 1631381870 0,200000 -1,000000 -101,000000 0,000000 0,000000
264 1631381871 0,200000 -1,000000 -101,000000 0,000000 0,000000
264 1631381872 0,200000 -1,000000 -101,000000 0,000000 0,000000
264 1631381873 0,200000 -1,000000 -101,000000 0,000000 0,000000
264 1631381874 0,200000 -1,000000 -101,000000 0,000000 0,000000
264 1631381875 0,200000 -1,000000 -101,000000 0,000000 0,000000
264 1631381876 0,200000 -1,000000 -101,000000 0,000000 0,000000
264 1631381877 0,200000 -1,000000 -101,000000 0,000000 0,000000
264 1631381878 1,000000 -1,000000 -101,000000 0,000000 0,000000
264 1631381879 1,000000 -1,000000 -101,000000 0,000000 0,000000
264 1631381880 1,000000 -1,000000 -101,000000 0,000000 0,000000
264 1631381881 1,000000 -1,000000 -101,000000 0,000000 0,000000
264 1631381882 1,000000 -1,000000 -101,000000 0,000000 0,000000
264 1631381883 0,600000 -1,000000 -101,000000 0,000000 0,000000
264 1631381884 0,600000 -1,000000 -101,000000 0,000000 0,000000
264 1631381885 0,600000 -1,000000 -101,000000 0,000000 0,000000
264 1631381886 0,600000 -1,000000 -101,000000 0,000000 0,000000
264 1631381887 0,600000 -1,000000 -101,000000 0,000000 0,000000
264 1631381888 0,600000 -1,000000 -101,000000 0,000000 0,000000
264 1631381889 0,600000 -1,000000 -101,000000 0,000000 0,000000
264 1631381890 0,600000 -1,000000 -101,000000 0,000000 0,000000
264 1631381891 0,600000 -1,000000 -101,000000 0,000000 0,000000
264 1631381892 0,600000 -1,000000 -101,000000 0,000000 0,000000
264 1631381893 0,400000 -1,000000 -101,000000 0,000000 0,000000
264 1631381894 0,400000 -1,000000 -101,000000 0,000000 0,000000
264 1631381895 0,400000 -1,000000 -101,000000 0,000000 0,000000
264 1631381896 0,400000 -1,000000 -101,000000 0,000000 0,000000
264 1631381897 0,400000 -1,000000 -101,000000 0,000000 0,000000
264 1631381898 0,800000 -1,000000 -101,000000 0,000000 0,000000
264 1631381899 0,800000 -1,000000 -101,000000 0,000000 0,000000
264 1631381900 0,800000 -1,000000 -101,000000 0,000000 0,000000
264 1631381901 0,800000 -1,000000 -101,000000 0,000000 0,000000
264 1631381902 0,800000 -1,000000 -101,000000 0,000000 0,000000
264 1631381903 0,600000 -1,000000 -101,000000 0,000000 0,000000
264 1631381904 0,600000 -1,000000 -101,000000 0,000000 0,000000
264 1631381905 0,600000 -1,000000 -101,000000 0,000000 0,000000
264 1631381906 0,600000 -1,000000 -101,000000 0,000000 0,000000
264 1631381907 0,600000 -1,000000 -101,000000 0,000000 0,000000
264 1631381908 1,000000 -1,000000 -101,000000 0,000000 0,000000
264 1631381909 1,000000 -1,000000 -101,000000 0,000000 0,000000
264 1631381910 1,000000 -1,000000 -101,000000 0,000000 0,000000
264 1631381911 1,000000 -1,000000 -101,000000 0,000000 0,000000
264 1631381912 1,000000 -1,000000 -101,000000 0,000000 0,000000
264 1631381913 0,800000 -1,000000 -101,000000 0,000000 0,000000
264 1631381914 0,800000 -1,000000 -101,000000 0,000000 0,000000
264 1631381915 0,800000 -1,000000 -101,000000 0,000000 0,000000
264 1631381916 0,800000 -1,000000 -101,000000 0,000000 0,000000
264 1631381917 0,800000 -1,000000 -101,000000 0,000000 0,000000
264 1631381918 2,400000 -1,000000 -101,000000 0,000000 0,000000
264 1631381919 2,400000 -1,000000 -101,000000 0,000000 0,000000
264 1631381920 2,400000 -1,000000 -101,000000 0,000000 0,000000
264 1631381921 2,400000 -1,000000 -101,000000 0,000000 0,000000
264 1631381922 2,400000 -1,000000 -101,000000 0,000000 0,000000
264 1631381923 2,200000 -1,000000 -101,000000 0,000000 0,000000
264 1631381924 2,200000 -1,000000 -101,000000 0,000000 0,000000
264 1631381925 2,200000 -1,000000 -101,000000 0,000000 0,000000
264 1631381926 2,200000 -1,000000 -101,000000 0,000000 0,000000
264 1631381927 2,200000 -1,000000 -101,000000 0,000000 0,000000
264 1631381928 2,400000 -1,000000 -101,000000 0,000000 0,000000
264 1631381929 2,400000 -1,000000 -101,000000 0,000000 0,000000
264 1631381930 2,400000 -1,000000 -101,000000 0,000000 0,000000
264 1631381931 2,400000 -1,000000 -101,000000 0,000000 0,000000
264 1631381932 2,400000 -1,000000 -101,000000 0,000000 0,000000
264 1631381933 1,400000 -1,000000 -101,000000 0,000000 0,000000
264 1631381934 1,400000 -1,000000 -101,000000 0,000000 0,000000
264 1631381935 1,400000 -1,000000 -101,000000 0,000000 0,000000
264 1631381936 1,400000 -1,000000 -101,000000 0,000000 0,000000
264 1631381937 1,400000 -1,000000 -101,000000 0,000000 0,000000
264 1631381938 1,200000 -1,000000 -101,000000 0,000000 0,000000
264 1631381939 1,200000 -1,000000 -101,000000 0,000000 0,000000
264 1631381940 1,200000 -1,000000 -101,000000 0,000000 0,000000
264 1631381941 1,200000 -1,000000 -101,000000 0,000000 0,000000
264 1631381942 1,200000 -1,000000 -101,000000 0,000000 0,000000
264 1631381943 1,200000 -1,000000 -101,000000 0,000000 0,000000
264 1631381944 1,200000 -1,000000 -101,000000 0,000000 0,000000
264 1631381945 1,200000 -1,000000 -101,000000 0,000000 0,000000
264 1631381946 1,200000 -1,000000 -101,000000 0,000000 0,000000
264 1631381947 1,200000 -1,000000 -101,000000 0,000000 0,000000
264 1631381948 0,800000 -1,000000 -101,000000 0,000000 0,000000
264 1631381949 0,800000 -1,000000 -101,000000 0,000000 0,000000
264 1631381950 0,800000 -1,000000 -101,000000 0,000000 0,000000
264 1631381951 0,800000 -1,000000 -101,000000 0,000000 0,000000
264 1631381952 0,800000 -1,000000 -101,000000 0,000000 0,000000
264 1631381953 0,400000 -1,000000 -101,000000 0,000000 0,000000
264 1631381954 0,400000 -1,000000 -101,000000 0,000000 0,000000
264 1631381955 0,400000 -1,000000 -101,000000 0,000000 0,000000
264 1631381956 0,400000 -1,000000 -101,000000 0,000000 0,000000
264 1631381957 0,400000 -1,000000 -101,000000 0,000000 0,000000
264 1631381958 1,200000 -1,000000 -101,000000 0,000000 0,000000
264 1631381959 1,200000 -1,000000 -101,000000 0,000000 0,000000
264 1631381960 1,200000 -1,000000 -101,000000 0,000000 0,000000
264 1631381961 1,200000 -1,000000 -101,000000 0,000000 0,000000
264 1631381962 1,200000 -1,000000 -101,000000 0,000000 0,000000
264 1631381963 0,800000 -1,000000 -101,000000 0,000000 0,000000
264 1631381964 0,800000 -1,000000 -101,000000 0,000000 0,000000
264 1631381965 0,800000 -1,000000 -101,000000 0,000000 0,000000
264 1631381966 0,800000 -1,000000 -101,000000 0,000000 0,000000
264 1631381967 0,800000 -1,000000 -101,000000 0,000000 0,000000
264 1631381968 0,800000 -1,000000 -101,000000 0,000000 0,000000
264 1631381969 0,800000 -1,000000 -101,000000 0,000000 0,000000
264 1631381970 0,800000 -1,000000 -101,000000 0,000000 0,000000
264 1631381971 0,800000 -1,000000 -101,000000 0,000000 0,000000
264 1631381972 0,800000 -1,000000 -101,000000 0,000000 0,000000
264 1631381973 1,000000 -1,000000 -101,000000 0,000000 0,000000
264 1631381974 1,000000 -1,000000 -101,000000 0,000000 0,000000
264 1631381975 1,000000 -1,000000 -101,000000 0,000000 0,000000
264 1631381976 1,000000 -1,000000 -101,000000 0,000000 0,000000
264 1631381977 1,000000 -1,000000 -101,000000 0,000000 0,000000
264 1631381978 1,000000 -1,000000 -101,000000 0,000000 0,000000
264 1631381979 1,000000 -1,000000 -101,000000 0,000000 0,000000
264 1631381980 1,000000 -1,000000 -101,000000 0,000000 0,000000
264 1631381981 1,000000 -1,000000 -101,000000 0,000000 0,000000
264 1631381982 1,000000 -1,000000 -101,000000 0,000000 0,000000
264 1631381983 1,200000 -1,000000 -101,000000 0,000000 0,000000
264 1631381984 1,200000 -1,000000 -101,000000 0,000000 0,000000
264 1631381985 1,200000 -1,000000 -101,000000 0,000000 0,000000
264 1631381986 1,200000 -1,000000 -101,000000 0,000000 0,000000
264 1631381987 1,200000 -1,000000 -101,000000 0,000000 0,000000
264 1631381988 0,600000 -1,000000 -101,000000 0,000000 0,000000
264 1631381989 0,600000 -1,000000 -101,000000 0,000000 0,000000
264 1631381990 0,600000 -1,000000 -101,000000 0,000000 0,000000
264 1631381991 0,600000 -1,000000 -101,000000 0,000000 0,000000
264 1631381992 0,600000 -1,000000 -101,000000 0,000000 0,000000
264 1631381993 1,800000 -1,000000 -101,000000 0,000000 0,000000
264 1631381994 1,800000 -1,000000 -101,000000 0,000000 0,000000
264 1631381995 1,800000 -1,000000 -101,000000 0,000000 0,000000
264 1631381996 1,800000 -1,000000 -101,000000 0,000000 0,000000
264 1631381997 1,800000 -1,000000 -101,000000 0,000000 0,000000
264 1631381998 1,800000 -1,000000 -101,000000 0,000000 0,000000
264 1631381999 1,800000 -1,000000 -101,000000 0,000000 0,000000
264 1631382000 1,800000 -1,000000 -101,000000 0,000000 0,000000
264 1631382001 1,800000 -1,000000 -101,000000 0,000000 0,000000
264 1631382002 1,800000 -1,000000 -101,000000 0,000000 0,000000
264 1631382003 2,000000 -1,000000 -101,000000 0,000000 0,000000
264 1631382004 2,000000 -1,000000 -101,000000 0,000000 0,000000
264 1631382005 2,000000 -1,000000 -101,000000 0,000000 0,000000
264 1631382006 2,000000 -1,000000 -101,000000 0,000000 0,000000
264 1631382007 2,000000 -1,000000 -101,000000 0,000000 0,000000
264 1631382008 1,600000 -1,000000 -101,000000 0,000000 0,000000
264 1631382009 1,600000 -1,000000 -101,000000 0,000000 0,000000
264 1631382010 1,600000 -1,000000 -101,000000 0,000000 0,000000
264 1631382011 1,600000 -1,000000 -101,000000 0,000000 0,000000
264 1631382012 1,600000 -1,000000 -101,000000 0,000000 0,000000
264 1631382013 0,600000 -1,000000 -101,000000 0,000000 0,000000
264 1631382014 0,600000 -1,000000 -101,000000 0,000000 0,000000
264 1631382015 0,600000 -1,000000 -101,000000 0,000000 0,000000
264 1631382016 0,600000 -1,000000 -101,000000 0,000000 0,000000
264 1631382017 0,600000 -1,000000 -101,000000 0,000000 0,000000
264 1631382018 1,000000 -1,000000 -101,000000 0,000000 0,000000
264 1631382019 1,000000 -1,000000 -101,000000 0,000000 0,000000
264 1631382020 1,000000 -1,000000 -101,000000 0,000000 0,000000
264 1631382021 1,000000 -1,000000 -101,000000 0,000000 0,000000
264 1631382022 1,000000 -1,000000 -101,000000 0,000000 0,000000
264 1631382023 1,000000 -1,000000 -101,000000 0,000000 0,000000
264 1631382024 1,000000 -1,000000 -101,000000 0,000000 0,000000
264 1631382025 1,000000 -1,000000 -101,000000 0,000000 0,000000
264 1631382026 1,000000 -1,000000 -101,000000 0,000000 0,000000
264 1631382027 1,000000 -1,000000 -101,000000 0,000000 0,000000
264 1631382038 0,400000 -1,000000 -101,000000 0,000000 0,000000
264 1631382039 0,400000 -1,000000 -101,000000 0,000000 0,000000
264 1631382040 0,400000 -1,000000 -101,000000 0,000000 0,000000
264 1631382041 0,400000 -1,000000 -101,000000 0,000000 0,000000
264 1631382042 0,400000 -1,000000 -101,000000 0,000000 0,000000
264 1631382043 0,600000 -1,000000 -101,000000 0,000000 0,000000
264 1631382044 0,600000 -1,000000 -101,000000 0,000000 0,000000
264 1631382045 0,600000 -1,000000 -101,000000 0,000000 0,000000
264 1631382046 0,600000 -1,000000 -101,000000 0,000000 0,000000
264 1631382047 0,600000 -1,000000 -101,000000 0,000000 0,000000
264 1631382048 0,800000 -1,000000 -101,000000 0,000000 0,000000
264 1631382049 0,800000 -1,000000 -101,000000 0,000000 0,000000
264 1631382050 0,800000 -1,000000 -101,000000 0,000000 0,000000
264 1631382051 0,800000 -1,000000 -101,000000 0,000000 0,000000
264 1631382052 0,800000 -1,000000 -101,000000 0,000000 0,000000
264 1631382053 0,800000 -1,000000 -101,000000 0,000000 0,000000
264 1631382054 0,800000 -1,000000 -101,000000 0,000000 0,000000
264 1631382055 0,800000 -1,000000 -101,000000 0,000000 0,000000
264 1631382056 0,800000 -1,000000 -101,000000 0,000000 0,000000
264 1631382057 0,800000 -1,000000 -101,000000 0,000000 0,000000
264 1631382058 1,800000 -1,000000 -101,000000 0,000000 0,000000
264 1631382059 1,800000 -1,000000 -101,000000 0,000000 0,000000
264 1631382060 1,800000 -1,000000 -101,000000 0,000000 0,000000
264 1631382061 1,800000 -1,000000 -101,000000 0,000000 0,000000
264 1631382062 1,800000 -1,000000 -101,000000 0,000000 0,000000
264 1631382063 1,200000 -1,000000 -101,000000 0,000000 0,000000
264 1631382064 1,200000 -1,000000 -101,000000 0,000000 0,000000
264 1631382065 1,200000 -1,000000 -101,000000 0,000000 0,000000
264 1631382066 1,200000 -1,000000 -101,000000 0,000000 0,000000
264 1631382067 1,200000 -1,000000 -101,000000 0,000000 0,000000
264 1631382068 1,800000 -1,000000 -101,000000 0,000000 0,000000
264 1631382069 1,800000 -1,000000 -101,000000 0,000000 0,000000
264 1631382070 1,800000 -1,000000 -101,000000 0,000000 0,000000
264 1631382071 1,800000 -1,000000 -101,000000 0,000000 0,000000
264 1631382072 1,800000 -1,000000 -101,000000 0,000000 0,000000
264 1631382073 2,000000 -1,000000 -101,000000 0,000000 0,000000
264 1631382074 2,000000 -1,000000 -101,000000 0,000000 0,000000
264 1631382075 2,000000 -1,000000 -101,000000 0,000000 0,000000
264 1631382076 2,000000 -1,000000 -101,000000 0,000000 0,000000
264 1631382077 2,000000 -1,000000 -101,000000 0,000000 0,000000
264 1631382078 1,600000 -1,000000 -101,000000 0,000000 0,000000
264 1631382079 1,600000 -1,000000 -101,000000 0,000000 0,000000
264 1631382080 1,600000 -1,000000 -101,000000 0,000000 0,000000
264 1631382081 1,600000 -1,000000 -101,000000 0,000000 0,000000
264 1631382082 1,600000 -1,000000 -101,000000 0,000000 0,000000
264 1631382083 1,400000 -1,000000 -101,000000 0,000000 0,000000
264 1631382084 1,400000 -1,000000 -101,000000 0,000000 0,000000
264 1631382085 1,400000 -1,000000 -101,000000 0,000000 0,000000
264 1631382086 1,400000 -1,000000 -101,000000 0,000000 0,000000
264 1631382087 1,400000 -1,000000 -101,000000 0,000000 0,000000
264 1631382088 0,600000 -1,000000 -101,000000 0,000000 0,000000
264 1631382089 0,600000 -1,000000 -101,000000 0,000000 0,000000
264 1631382090 0,600000 -1,000000 -101,000000 0,000000 0,000000
264 1631382091 0,600000 -1,000000 -101,000000 0,000000 0,000000
264 1631382092 0,600000 -1,000000 -101,000000 0,000000 0,000000
264 1631382093 0,400000 -1,000000 -101,000000 0,000000 0,000000
264 1631382094 0,400000 -1,000000 -101,000000 0,000000 0,000000
264 1631382095 0,400000 -1,000000 -101,000000 0,000000 0,000000
264 1631382096 0,400000 -1,000000 -101,000000 0,000000 0,000000
264 1631382097 0,400000 -1,000000 -101,000000 0,000000 0,000000
264 1631382098 1,000000 -1,000000 -101,000000 0,000000 0,000000
264 1631382099 1,000000 -1,000000 -101,000000 0,000000 0,000000
264 1631382100 1,000000 -1,000000 -101,000000 0,000000 0,000000
264 1631382101 1,000000 -1,000000 -101,000000 0,000000 0,000000
264 1631382102 1,000000 -1,000000 -101,000000 0,000000 0,000000
264 1631382103 0,600000 -1,000000 -101,000000 0,000000 0,000000
264 1631382104 0,600000 -1,000000 -101,000000 0,000000 0,000000
264 1631382105 0,600000 -1,000000 -101,000000 0,000000 0,000000
264 1631382106 0,600000 -1,000000 -101,000000 0,000000 0,000000
264 1631382107 0,600000 -1,000000 -101,000000 0,000000 0,000000
264 1631382108 0,200000 -1,000000 -101,000000 0,000000 0,000000
264 1631382109 0,200000 -1,000000 -101,000000 0,000000 0,000000
264 1631382110 0,200000 -1,000000 -101,000000 0,000000 0,000000
264 1631382111 0,200000 -1,000000 -101,000000 0,000000 0,000000
264 1631382112 0,200000 -1,000000 -101,000000 0,000000 0,000000
264 1631382113 0,400000 -1,000000 -101,000000 0,000000 0,000000
264 1631382114 0,400000 -1,000000 -101,000000 0,000000 0,000000
264 1631382115 0,400000 -1,000000 -101,000000 0,000000 0,000000
264 1631382116 0,400000 -1,000000 -101,000000 0,000000 0,000000
264 1631382117 0,400000 -1,000000 -101,000000 0,000000 0,000000
264 1631382118 1,400000 -1,000000 -101,000000 0,000000 0,000000
264 1631382119 1,400000 -1,000000 -101,000000 0,000000 0,000000
264 1631382120 1,400000 -1,000000 -101,000000 0,000000 0,000000
264 1631382121 1,400000 -1,000000 -101,000000 0,000000 0,000000
264 1631382122 1,400000 -1,000000 -101,000000 0,000000 0,000000
264 1631382123 1,400000 -1,000000 -101,000000 0,000000 0,000000
264 1631382124 1,400000 -1,000000 -101,000000 0,000000 0,000000
264 1631382125 1,400000 -1,000000 -101,000000 0,000000 0,000000
264 1631382126 1,400000 -1,000000 -101,000000 0,000000 0,000000
264 1631382127 1,400000 -1,000000 -101,000000 0,000000 0,000000
264 1631382128 1,600000 -1,000000 -101,000000 0,000000 0,000000
264 1631382129 1,600000 -1,000000 -101,000000 0,000000 0,000000
264 1631382130 1,600000 -1,000000 -101,000000 0,000000 0,000000
264 1631382131 1,600000 -1,000000 -101,000000 0,000000 0,000000
264 1631382132 1,600000 -1,000000 -101,000000 0,000000 0,000000
264 1631382133 1,400000 -1,000000 -101,000000 0,000000 0,000000
264 1631382134 1,400000 -1,000000 -101,000000 0,000000 0,000000
264 1631382135 1,400000 -1,000000 -101,000000 0,000000 0,000000
264 1631382136 1,400000 -1,000000 -101,000000 0,000000 0,000000
264 1631382137 1,400000 -1,000000 -101,000000 0,000000 0,000000
264 1631382138 2,000000 -1,000000 -101,000000 0,000000 0,000000
264 1631382139 2,000000 -1,000000 -101,000000 0,000000 0,000000
264 1631382140 2,000000 -1,000000 -101,000000 0,000000 0,000000
264 1631382141 2,000000 -1,000000 -101,000000 0,000000 0,000000
264 1631382142 2,000000 -1,000000 -101,000000 0,000000 0,000000
264 1631382143 2,200000 -1,000000 -101,000000 0,000000 0,000000
264 1631382144 2,200000 -1,000000 -101,000000 0,000000 0,000000
264 1631382145 2,200000 -1,000000 -101,000000 0,000000 0,000000
264 1631382146 2,200000 -1,000000 -101,000000 0,000000 0,000000
264 1631382147 2,200000 -1,000000 -101,000000 0,000000 0,000000
264 1631382148 1,600000 -1,000000 -101,000000 0,000000 0,000000
264 1631382149 1,600000 -1,000000 -101,000000 0,000000 0,000000
264 1631382150 1,600000 -1,000000 -101,000000 0,000000 0,000000
264 1631382151 1,600000 -1,000000 -101,000000 0,000000 0,000000
264 1631382152 1,600000 -1,000000 -101,000000 0,000000 0,000000
264 1631382153 1,400000 -1,000000 -101,000000 0,000000 0,000000
264 1631382154 1,400000 -1,000000 -101,000000 0,000000 0,000000
264 1631382155 1,400000 -1,000000 -101,000000 0,000000 0,000000
264 1631382156 1,400000 -1,000000 -101,000000 0,000000 0,000000
264 1631382157 1,400000 -1,000000 -101,000000 0,000000 0,000000
264 1631382158 1,400000 -1,000000 -101,000000 0,000000 0,000000
264 1631382159 1,400000 -1,000000 -101,000000 0,000000 0,000000
264 1631382160 1,400000 -1,000000 -101,000000 0,000000 0,000000
264 1631382161 1,400000 -1,000000 -101,000000 0,000000 0,000000
264 1631382162 1,400000 -1,000000 -101,000000 0,000000 0,000000
264 1631382163 0,800000 -1,000000 -101,000000 0,000000 0,000000
264 1631382164 0,800000 -1,000000 -101,000000 0,000000 0,000000
264 1631382165 0,800000 -1,000000 -101,000000 0,000000 0,000000
264 1631382166 0,800000 -1,000000 -101,000000 0,000000 0,000000
264 1631382167 0,800000 -1,000000 -101,000000 0,000000 0,000000
264 1631382168 1,200000 -1,000000 -101,000000 0,000000 0,000000
264 1631382169 1,200000 -1,000000 -101,000000 0,000000 0,000000
264 1631382170 1,200000 -1,000000 -101,000000 0,000000 0,000000
264 1631382171 1,200000 -1,000000 -101,000000 0,000000 0,000000
264 1631382172 1,200000 -1,000000 -101,000000 0,000000 0,000000
264 1631382173 0,400000 -1,000000 -101,000000 0,000000 0,000000
264 1631382174 0,400000 -1,000000 -101,000000 0,000000 0,000000
264 1631382175 0,400000 -1,000000 -101,000000 0,000000 0,000000
264 1631382176 0,400000 -1,000000 -101,000000 0,000000 0,000000
264 1631382177 0,400000 -1,000000 -101,000000 0,000000 0,000000
264 1631382178 0,800000 -1,000000 -101,000000 0,000000 0,000000
264 1631382179 0,800000 -1,000000 -101,000000 0,000000 0,000000
264 1631382180 0,800000 -1,000000 -101,000000 0,000000 0,000000
264 1631382181 0,800000 -1,000000 -101,000000 0,000000 0,000000
264 1631382182 0,800000 -1,000000 -101,000000 0,000000 0,000000
264 1631382183 0,400000 -1,000000 -101,000000 0,000000 0,000000
264 1631382184 0,400000 -1,000000 -101,000000 0,000000 0,000000
264 1631382185 0,400000 -1,000000 -101,000000 0,000000 0,000000
264 1631382186 0,400000 -1,000000 -101,000000 0,000000 0,000000
264 1631382187 0,400000 -1,000000 -101,000000 0,000000 0,000000
264 1631382193 0,200000 -1,000000 -101,000000 0,000000 0,000000
264 1631382194 0,200000 -1,000000 -101,000000 0,000000 0,000000
264 1631382195 0,200000 -1,000000 -101,000000 0,000000 0,000000
264 1631382196 0,200000 -1,000000 -101,000000 0,000000 0,000000
264 1631382197 0,200000 -1,000000 -101,000000 0,000000 0,000000
264 1631382198 0,600000 -1,000000 -101,000000 0,000000 0,000000
264 1631382199 0,600000 -1,000000 -101,000000 0,000000 0,000000
264 1631382200 0,600000 -1,000000 -101,000000 0,000000 0,000000
264 1631382201 0,600000 -1,000000 -101,000000 0,000000 0,000000
264 1631382202 0,600000 -1,000000 -101,000000 0,000000 0,000000
264 1631382203 1,200000 -1,000000 -101,000000 0,000000 0,000000
264 1631382204 1,200000 -1,000000 -101,000000 0,000000 0,000000
264 1631382205 1,200000 -1,000000 -101,000000 0,000000 0,000000
264 1631382206 1,200000 -1,000000 -101,000000 0,000000 0,000000
264 1631382207 1,200000 -1,000000 -101,000000 0,000000 0,000000
264 1631382208 1,600000 -1,000000 -101,000000 0,000000 0,000000
264 1631382209 1,600000 -1,000000 -101,000000 0,000000 0,000000
264 1631382210 1,600000 -1,000000 -101,000000 0,000000 0,000000
264 1631382211 1,600000 -1,000000 -101,000000 0,000000 0,000000
264 1631382212 1,600000 -1,000000 -101,000000 0,000000 0,000000
264 1631382213 1,800000 -1,000000 -101,000000 0,000000 0,000000
264 1631382214 1,800000 -1,000000 -101,000000 0,000000 0,000000
264 1631382215 1,800000 -1,000000 -101,000000 0,000000 0,000000
264 1631382216 1,800000 -1,000000 -101,000000 0,000000 0,000000
264 1631382217 1,800000 -1,000000 -101,000000 0,000000 0,000000
264 1631382218 2,400000 -1,000000 -101,000000 0,000000 0,000000
264 1631382219 2,400000 -1,000000 -101,000000 0,000000 0,000000
264 1631382220 2,400000 -1,000000 -101,000000 0,000000 0,000000
264 1631382221 2,400000 -1,000000 -101,000000 0,000000 0,000000
264 1631382222 2,400000 -1,000000 -101,000000 0,000000 0,000000
264 1631382223 1,800000 -1,000000 -101,000000 0,000000 0,000000
264 1631382224 1,800000 -1,000000 -101,000000 0,000000 0,000000
264 1631382225 1,800000 -1,000000 -101,000000 0,000000 0,000000
264 1631382226 1,800000 -1,000000 -101,000000 0,000000 0,000000
264 1631382227 1,800000 -1,000000 -101,000000 0,000000 0,000000
264 1631382228 1,200000 -1,000000 -101,000000 0,000000 0,000000
264 1631382229 1,200000 -1,000000 -101,000000 0,000000 0,000000
264 1631382230 1,200000 -1,000000 -101,000000 0,000000 0,000000
264 1631382231 1,200000 -1,000000 -101,000000 0,000000 0,000000
264 1631382232 1,200000 -1,000000 -101,000000 0,000000 0,000000
264 1631382233 0,600000 -1,000000 -101,000000 0,000000 0,000000
264 1631382234 0,600000 -1,000000 -101,000000 0,000000 0,000000
264 1631382235 0,600000 -1,000000 -101,000000 0,000000 0,000000
264 1631382236 0,600000 -1,000000 -101,000000 0,000000 0,000000
264 1631382237 0,600000 -1,000000 -101,000000 0,000000 0,000000
264 1631382238 0,400000 -1,000000 -101,000000 0,000000 0,000000
264 1631382239 0,400000 -1,000000 -101,000000 0,000000 0,000000
264 1631382240 0,400000 -1,000000 -101,000000 0,000000 0,000000
264 1631382241 0,400000 -1,000000 -101,000000 0,000000 0,000000
264 1631382242 0,400000 -1,000000 -101,000000 0,000000 0,000000
264 1631382243 0,800000 -1,000000 -101,000000 0,000000 0,000000
264 1631382244 0,800000 -1,000000 -101,000000 0,000000 0,000000
264 1631382245 0,800000 -1,000000 -101,000000 0,000000 0,000000
264 1631382246 0,800000 -1,000000 -101,000000 0,000000 0,000000
264 1631382247 0,800000 -1,000000 -101,000000 0,000000 0,000000
264 1631382248 0,800000 -1,000000 -101,000000 0,000000 0,000000
264 1631382249 0,800000 -1,000000 -101,000000 0,000000 0,000000
264 1631382250 0,800000 -1,000000 -101,000000 0,000000 0,000000
264 1631382251 0,800000 -1,000000 -101,000000 0,000000 0,000000
264 1631382252 0,800000 -1,000000 -101,000000 0,000000 0,000000
264 1631382253 0,600000 -1,000000 -101,000000 0,000000 0,000000
264 1631382254 0,600000 -1,000000 -101,000000 0,000000 0,000000
264 1631382255 0,600000 -1,000000 -101,000000 0,000000 0,000000
264 1631382256 0,600000 -1,000000 -101,000000 0,000000 0,000000
264 1631382257 0,600000 -1,000000 -101,000000 0,000000 0,000000
264 1631382258 1,000000 -1,000000 -101,000000 0,000000 0,000000
264 1631382259 1,000000 -1,000000 -101,000000 0,000000 0,000000
264 1631382260 1,000000 -1,000000 -101,000000 0,000000 0,000000
264 1631382261 1,000000 -1,000000 -101,000000 0,000000 0,000000
264 1631382262 1,000000 -1,000000 -101,000000 0,000000 0,000000
264 1631382263 1,000000 -1,000000 -101,000000 0,000000 0,000000
264 1631382264 1,000000 -1,000000 -101,000000 0,000000 0,000000
264 1631382265 1,000000 -1,000000 -101,000000 0,000000 0,000000
264 1631382266 1,000000 -1,000000 -101,000000 0,000000 0,000000
264 1631382267 1,000000 -1,000000 -101,000000 0,000000 0,000000
264 1631382278 0,800000 -1,000000 -101,000000 0,000000 0,000000
264 1631382279 0,800000 -1,000000 -101,000000 0,000000 0,000000
264 1631382280 0,800000 -1,000000 -101,000000 0,000000 0,000000
264 1631382281 0,800000 -1,000000 -101,000000 0,000000 0,000000
264 1631382282 0,800000 -1,000000 -101,000000 0,000000 0,000000
264 1631382283 1,400000 -1,000000 -101,000000 0,000000 0,000000
264 1631382284 1,400000 -1,000000 -101,000000 0,000000 0,000000
264 1631382285 1,400000 -1,000000 -101,000000 0,000000 0,000000
264 1631382286 1,400000 -1,000000 -101,000000 0,000000 0,000000
264 1631382347 0,600000 -1,000000 0,600000 0,600000 0,000000
264 1631382346 0,600000 -1,000000 0,600000 0,600000 0,000000
264 1631382345 0,600000 -1,000000 0,600000 0,600000 0,000000
264 1631382344 0,600000 -1,000000 0,600000 0,600000 0,000000
264 1631382343 0,600000 -1,000000 0,600000 0,600000 0,000000
264 1631382342 1,000000 -1,000000 1,000000 1,000000 0,000000
264 1631382341 1,000000 -1,000000 1,000000 1,000000 0,000000
264 1631382340 1,000000 -1,000000 1,000000 1,000000 0,000000
264 1631382339 1,000000 -1,000000 1,000000 1,000000 0,000000
264 1631382338 1,000000 -1,000000 1,000000 1,000000 0,000000
264 1631382337 0,400000 -1,000000 0,400000 0,400000 0,000000
264 1631382336 0,400000 -1,000000 0,400000 0,400000 0,000000
264 1631382335 0,400000 -1,000000 0,400000 0,400000 0,000000
264 1631382334 0,400000 -1,000000 0,400000 0,400000 0,000000
264 1631382333 0,400000 -1,000000 0,400000 0,400000 0,000000
264 1631382332 0,600000 -1,000000 0,600000 0,600000 0,000000
264 1631382331 0,600000 -1,000000 0,600000 0,600000 0,000000
264 1631382330 0,600000 -1,000000 0,600000 0,600000 0,000000
264 1631382329 0,600000 -1,000000 0,600000 0,600000 0,000000
264 1631382328 0,600000 -1,000000 0,600000 0,600000 0,000000
264 1631382327 0,600000 -1,000000 0,600000 0,600000 0,000000
264 1631382326 0,600000 -1,000000 0,600000 0,600000 0,000000
264 1631382325 0,600000 -1,000000 0,600000 0,600000 0,000000
264 1631382324 0,600000 -1,000000 0,600000 0,600000 0,000000
264 1631382323 0,600000 -1,000000 0,600000 0,600000 0,000000
264 1631382322 1,000000 -1,000000 1,000000 1,000000 0,000000
264 1631382321 1,000000 -1,000000 1,000000 1,000000 0,000000
264 1631382320 1,000000 -1,000000 1,000000 1,000000 0,000000
264 1631382319 1,000000 -1,000000 1,000000 1,000000 0,000000
264 1631382318 1,000000 -1,000000 1,000000 1,000000 0,000000
264 1631382317 0,800000 -1,000000 0,800000 0,800000 0,000000
264 1631382316 0,800000 -1,000000 0,800000 0,800000 0,000000
264 1631382315 0,800000 -1,000000 0,800000 0,800000 0,000000
264 1631382314 0,800000 -1,000000 0,800000 0,800000 0,000000
264 1631382313 0,800000 -1,000000 0,800000 0,800000 0,000000
264 1631382312 1,000000 -1,000000 1,000000 1,000000 0,000000
264 1631382311 1,000000 -1,000000 1,000000 1,000000 0,000000
264 1631382310 1,000000 -1,000000 1,000000 1,000000 0,000000
264 1631382309 1,000000 -1,000000 1,000000 1,000000 0,000000
264 1631382308 1,000000 -1,000000 1,000000 1,000000 0,000000
264 1631382307 3,000000 -1,000000 3,000000 3,000000 0,000000
264 1631382306 3,000000 -1,000000 3,000000 3,000000 0,000000
264 1631382305 3,000000 -1,000000 3,000000 3,000000 0,000000
264 1631382304 3,000000 -1,000000 3,000000 3,000000 0,000000
264 1631382303 3,000000 -1,000000 3,000000 3,000000 0,000000
264 1631382302 2,000000 -1,000000 2,000000 2,000000 0,000000
264 1631382301 2,000000 -1,000000 2,000000 2,000000 0,000000
264 1631382300 2,000000 -1,000000 2,000000 2,000000 0,000000
264 1631382299 2,000000 -1,000000 2,000000 2,000000 0,000000
264 1631382298 2,000000 -1,000000 2,000000 2,000000 0,000000
264 1631382297 3,200000 -1,000000 3,200000 3,200000 0,000000
264 1631382296 3,200000 -1,000000 3,200000 3,200000 0,000000
264 1631382295 3,200000 -1,000000 3,200000 3,200000 0,000000
264 1631382294 3,200000 -1,000000 3,200000 3,200000 0,000000
264 1631382293 3,200000 -1,000000 3,200000 3,200000 0,000000
264 1631382292 1,600000 -1,000000 1,600000 1,600000 0,000000
264 1631382291 1,600000 -1,000000 1,600000 1,600000 0,000000
264 1631382290 1,600000 -1,000000 1,600000 1,600000 0,000000
264 1631382289 1,600000 -1,000000 1,600000 1,600000 0,000000
264 1631382288 1,600000 -1,000000 1,600000 1,600000 0,000000
264 1631382287 1,400000 -1,000000 1,400000 1,400000 0,000000
264 1631382287 1,400000 -1,000000 -101,000000 0,000000 0,000000
264 1631382288 1,600000 -1,000000 -101,000000 0,000000 0,000000
264 1631382289 1,600000 -1,000000 -101,000000 0,000000 0,000000
264 1631382290 1,600000 -1,000000 -101,000000 0,000000 0,000000
264 1631382291 1,600000 -1,000000 -101,000000 0,000000 0,000000
264 1631382292 1,600000 -1,000000 -101,000000 0,000000 0,000000
264 1631382293 3,200000 -1,000000 -101,000000 0,000000 0,000000
264 1631382294 3,200000 -1,000000 -101,000000 0,000000 0,000000
264 1631382295 3,200000 -1,000000 -101,000000 0,000000 0,000000
264 1631382296 3,200000 -1,000000 -101,000000 0,000000 0,000000
264 1631382297 3,200000 -1,000000 -101,000000 0,000000 0,000000
264 1631382298 2,000000 -1,000000 -101,000000 0,000000 0,000000
264 1631382299 2,000000 -1,000000 -101,000000 0,000000 0,000000
264 1631382300 2,000000 -1,000000 -101,000000 0,000000 0,000000
264 1631382301 2,000000 -1,000000 -101,000000 0,000000 0,000000
264 1631382302 2,000000 -1,000000 -101,000000 0,000000 0,000000
264 1631382303 3,000000 -1,000000 -101,000000 0,000000 0,000000
264 1631382304 3,000000 -1,000000 -101,000000 0,000000 0,000000
264 1631382305 3,000000 -1,000000 -101,000000 0,000000 0,000000
264 1631382306 3,000000 -1,000000 -101,000000 0,000000 0,000000
264 1631382307 3,000000 -1,000000 -101,000000 0,000000 0,000000
264 1631382308 1,000000 -1,000000 -101,000000 0,000000 0,000000
264 1631382309 1,000000 -1,000000 -101,000000 0,000000 0,000000
264 1631382310 1,000000 -1,000000 -101,000000 0,000000 0,000000
264 1631382311 1,000000 -1,000000 -101,000000 0,000000 0,000000
264 1631382312 1,000000 -1,000000 -101,000000 0,000000 0,000000
264 1631382313 0,800000 -1,000000 -101,000000 0,000000 0,000000
264 1631382314 0,800000 -1,000000 -101,000000 0,000000 0,000000
264 1631382315 0,800000 -1,000000 -101,000000 0,000000 0,000000
264 1631382316 0,800000 -1,000000 -101,000000 0,000000 0,000000
264 1631382317 0,800000 -1,000000 -101,000000 0,000000 0,000000
264 1631382318 1,000000 -1,000000 -101,000000 0,000000 0,000000
264 1631382319 1,000000 -1,000000 -101,000000 0,000000 0,000000
264 1631382320 1,000000 -1,000000 -101,000000 0,000000 0,000000
264 1631382321 1,000000 -1,000000 -101,000000 0,000000 0,000000
264 1631382322 1,000000 -1,000000 -101,000000 0,000000 0,000000
264 1631382323 0,600000 -1,000000 -101,000000 0,000000 0,000000
264 1631382324 0,600000 -1,000000 -101,000000 0,000000 0,000000
264 1631382325 0,600000 -1,000000 -101,000000 0,000000 0,000000
264 1631382326 0,600000 -1,000000 -101,000000 0,000000 0,000000
264 1631382327 0,600000 -1,000000 -101,000000 0,000000 0,000000
264 1631382328 0,600000 -1,000000 -101,000000 0,000000 0,000000
264 1631382329 0,600000 -1,000000 -101,000000 0,000000 0,000000
264 1631382330 0,600000 -1,000000 -101,000000 0,000000 0,000000
264 1631382331 0,600000 -1,000000 -101,000000 0,000000 0,000000
264 1631382332 0,600000 -1,000000 -101,000000 0,000000 0,000000
264 1631382333 0,400000 -1,000000 -101,000000 0,000000 0,000000
264 1631382334 0,400000 -1,000000 -101,000000 0,000000 0,000000
264 1631382335 0,400000 -1,000000 -101,000000 0,000000 0,000000
264 1631382336 0,400000 -1,000000 -101,000000 0,000000 0,000000
264 1631382337 0,400000 -1,000000 -101,000000 0,000000 0,000000
264 1631382338 1,000000 -1,000000 -101,000000 0,000000 0,000000
264 1631382339 1,000000 -1,000000 -101,000000 0,000000 0,000000
264 1631382340 1,000000 -1,000000 -101,000000 0,000000 0,000000
264 1631382341 1,000000 -1,000000 -101,000000 0,000000 0,000000
264 1631382342 1,000000 -1,000000 -101,000000 0,000000 0,000000
264 1631382343 0,600000 -1,000000 -101,000000 0,000000 0,000000
264 1631382344 0,600000 -1,000000 -101,000000 0,000000 0,000000
264 1631382345 0,600000 -1,000000 -101,000000 0,000000 0,000000
264 1631382346 0,600000 -1,000000 -101,000000 0,000000 0,000000
264 1631382347 0,600000 -1,000000 -101,000000 0,000000 0,000000
264 1631382348 0,200000 -1,000000 -101,000000 0,000000 0,000000
264 1631382349 0,200000 -1,000000 -101,000000 0,000000 0,000000
264 1631382350 0,200000 -1,000000 -101,000000 0,000000 0,000000
264 1631382351 0,200000 -1,000000 -101,000000 0,000000 0,000000
264 1631382352 0,200000 -1,000000 -101,000000 0,000000 0,000000
264 1631382353 0,600000 -1,000000 -101,000000 0,000000 0,000000
264 1631382354 0,600000 -1,000000 -101,000000 0,000000 0,000000
264 1631382355 0,600000 -1,000000 -101,000000 0,000000 0,000000
264 1631382356 0,600000 -1,000000 -101,000000 0,000000 0,000000
264 1631382357 0,600000 -1,000000 -101,000000 0,000000 0,000000
264 1631382358 1,800000 -1,000000 -101,000000 0,000000 0,000000
264 1631382359 1,800000 -1,000000 -101,000000 0,000000 0,000000
264 1631382360 1,800000 -1,000000 -101,000000 0,000000 0,000000
264 1631382361 1,800000 -1,000000 -101,000000 0,000000 0,000000
264 1631382362 1,800000 -1,000000 -101,000000 0,000000 0,000000
264 1631382363 1,400000 -1,000000 -101,000000 0,000000 0,000000
264 1631382364 1,400000 -1,000000 -101,000000 0,000000 0,000000
264 1631382365 1,400000 -1,000000 -101,000000 0,000000 0,000000
264 1631382366 1,400000 -1,000000 -101,000000 0,000000 0,000000
264 1631382367 1,400000 -1,000000 -101,000000 0,000000 0,000000
264 1631382368 3,000000 -1,000000 -101,000000 0,000000 0,000000
264 1631382369 3,000000 -1,000000 -101,000000 0,000000 0,000000
264 1631382370 3,000000 -1,000000 -101,000000 0,000000 0,000000
264 1631382371 3,000000 -1,000000 -101,000000 0,000000 0,000000
264 1631382372 3,000000 -1,000000 -101,000000 0,000000 0,000000
264 1631382373 1,000000 -1,000000 -101,000000 0,000000 0,000000
264 1631382374 1,000000 -1,000000 -101,000000 0,000000 0,000000
264 1631382375 1,000000 -1,000000 -101,000000 0,000000 0,000000
264 1631382376 1,000000 -1,000000 -101,000000 0,000000 0,000000
264 1631382377 1,000000 -1,000000 -101,000000 0,000000 0,000000
264 1631382378 2,600000 -1,000000 -101,000000 0,000000 0,000000
264 1631382379 2,600000 -1,000000 -101,000000 0,000000 0,000000
264 1631382380 2,600000 -1,000000 -101,000000 0,000000 0,000000
264 1631382381 2,600000 -1,000000 -101,000000 0,000000 0,000000
264 1631382382 2,600000 -1,000000 -101,000000 0,000000 0,000000
264 1631382383 0,400000 -1,000000 -101,000000 0,000000 0,000000
264 1631382384 0,400000 -1,000000 -101,000000 0,000000 0,000000
264 1631382385 0,400000 -1,000000 -101,000000 0,000000 0,000000
264 1631382386 0,400000 -1,000000 -101,000000 0,000000 0,000000
264 1631382387 0,400000 -1,000000 -101,000000 0,000000 0,000000
264 1631382388 0,200000 -1,000000 -101,000000 0,000000 0,000000
264 1631382389 0,200000 -1,000000 -101,000000 0,000000 0,000000
264 1631382390 0,200000 -1,000000 -101,000000 0,000000 0,000000
264 1631382391 0,200000 -1,000000 -101,000000 0,000000 0,000000
264 1631382392 0,200000 -1,000000 -101,000000 0,000000 0,000000
264 1631382393 0,200000 -1,000000 -101,000000 0,000000 0,000000
264 1631382394 0,200000 -1,000000 -101,000000 0,000000 0,000000
264 1631382395 0,200000 -1,000000 -101,000000 0,000000 0,000000
264 1631382396 0,200000 -1,000000 -101,000000 0,000000 0,000000
264 1631382397 0,200000 -1,000000 -101,000000 0,000000 0,000000
264 1631382398 0,600000 -1,000000 -101,000000 0,000000 0,000000
264 1631382399 0,600000 -1,000000 -101,000000 0,000000 0,000000
264 1631382400 0,600000 -1,000000 -101,000000 0,000000 0,000000
264 1631382401 0,600000 -1,000000 -101,000000 0,000000 0,000000
264 1631382402 0,600000 -1,000000 -101,000000 0,000000 0,000000
264 1631382403 0,800000 -1,000000 -101,000000 0,000000 0,000000
264 1631382404 0,800000 -1,000000 -101,000000 0,000000 0,000000
264 1631382405 0,800000 -1,000000 -101,000000 0,000000 0,000000
264 1631382406 0,800000 -1,000000 -101,000000 0,000000 0,000000
264 1631382407 0,800000 -1,000000 -101,000000 0,000000 0,000000
264 1631382408 1,200000 -1,000000 -101,000000 0,000000 0,000000
264 1631382409 1,200000 -1,000000 -101,000000 0,000000 0,000000
264 1631382410 1,200000 -1,000000 -101,000000 0,000000 0,000000
264 1631382411 1,200000 -1,000000 -101,000000 0,000000 0,000000
264 1631382412 1,200000 -1,000000 -101,000000 0,000000 0,000000
264 1631382413 0,400000 -1,000000 -101,000000 0,000000 0,000000
264 1631382414 0,400000 -1,000000 -101,000000 0,000000 0,000000
264 1631382415 0,400000 -1,000000 -101,000000 0,000000 0,000000
264 1631382416 0,400000 -1,000000 -101,000000 0,000000 0,000000
264 1631382417 0,400000 -1,000000 -101,000000 0,000000 0,000000
264 1631382418 0,800000 -1,000000 -101,000000 0,000000 0,000000
264 1631382419 0,800000 -1,000000 -101,000000 0,000000 0,000000
264 1631382420 0,800000 -1,000000 -101,000000 0,000000 0,000000
264 1631382421 0,800000 -1,000000 -101,000000 0,000000 0,000000
264 1631382422 0,800000 -1,000000 -101,000000 0,000000 0,000000
264 1631382423 0,400000 -1,000000 -101,000000 0,000000 0,000000
264 1631382424 0,400000 -1,000000 -101,000000 0,000000 0,000000
264 1631382425 0,400000 -1,000000 -101,000000 0,000000 0,000000
264 1631382426 0,400000 -1,000000 -101,000000 0,000000 0,000000
264 1631382427 0,400000 -1,000000 -101,000000 0,000000 0,000000
264 1631382428 0,400000 -1,000000 -101,000000 0,000000 0,000000
264 1631382429 0,400000 -1,000000 -101,000000 0,000000 0,000000
264 1631382430 0,400000 -1,000000 -101,000000 0,000000 0,000000
264 1631382431 0,400000 -1,000000 -101,000000 0,000000 0,000000
264 1631382432 0,400000 -1,000000 -101,000000 0,000000 0,000000
264 1631382433 1,000000 -1,000000 -101,000000 0,000000 0,000000
264 1631382434 1,000000 -1,000000 -101,000000 0,000000 0,000000
264 1631382435 1,000000 -1,000000 -101,000000 0,000000 0,000000
264 1631382436 1,000000 -1,000000 -101,000000 0,000000 0,000000
264 1631382437 1,000000 -1,000000 -101,000000 0,000000 0,000000
264 1631382438 1,400000 -1,000000 -101,000000 0,000000 0,000000
264 1631382439 1,400000 -1,000000 -101,000000 0,000000 0,000000
264 1631382440 1,400000 -1,000000 -101,000000 0,000000 0,000000
264 1631382441 1,400000 -1,000000 -101,000000 0,000000 0,000000
264 1631382442 1,400000 -1,000000 -101,000000 0,000000 0,000000
264 1631382443 3,200000 -1,000000 -101,000000 0,000000 0,000000
264 1631382444 3,200000 -1,000000 -101,000000 0,000000 0,000000
264 1631382445 3,200000 -1,000000 -101,000000 0,000000 0,000000
264 1631382446 3,200000 -1,000000 -101,000000 0,000000 0,000000
264 1631382447 3,200000 -1,000000 -101,000000 0,000000 0,000000
264 1631382448 1,400000 -1,000000 -101,000000 0,000000 0,000000
264 1631382449 1,400000 -1,000000 -101,000000 0,000000 0,000000
264 1631382450 1,400000 -1,000000 -101,000000 0,000000 0,000000
264 1631382451 1,400000 -1,000000 -101,000000 0,000000 0,000000
264 1631382452 1,400000 -1,000000 -101,000000 0,000000 0,000000
264 1631382453 2,800000 -1,000000 -101,000000 0,000000 0,000000
264 1631382454 2,800000 -1,000000 -101,000000 0,000000 0,000000
264 1631382455 2,800000 -1,000000 -101,000000 0,000000 0,000000
264 1631382456 2,800000 -1,000000 -101,000000 0,000000 0,000000
264 1631382457 2,800000 -1,000000 -101,000000 0,000000 0,000000
264 1631382458 0,800000 -1,000000 -101,000000 0,000000 0,000000
264 1631382459 0,800000 -1,000000 -101,000000 0,000000 0,000000
264 1631382460 0,800000 -1,000000 -101,000000 0,000000 0,000000
264 1631382461 0,800000 -1,000000 -101,000000 0,000000 0,000000
264 1631382462 0,800000 -1,000000 -101,000000 0,000000 0,000000
264 1631382463 0,400000 -1,000000 -101,000000 0,000000 0,000000
264 1631382464 0,400000 -1,000000 -101,000000 0,000000 0,000000
264 1631382465 0,400000 -1,000000 -101,000000 0,000000 0,000000
264 1631382466 0,400000 -1,000000 -101,000000 0,000000 0,000000
264 1631382467 0,400000 -1,000000 -101,000000 0,000000 0,000000
264 1631382473 0,200000 -1,000000 -101,000000 0,000000 0,000000
264 1631382474 0,200000 -1,000000 -101,000000 0,000000 0,000000
264 1631382475 0,200000 -1,000000 -101,000000 0,000000 0,000000
264 1631382476 0,200000 -1,000000 -101,000000 0,000000 0,000000
264 1631382477 0,200000 -1,000000 -101,000000 0,000000 0,000000
264 1631382478 0,800000 -1,000000 -101,000000 0,000000 0,000000
264 1631382479 0,800000 -1,000000 -101,000000 0,000000 0,000000
264 1631382480 0,800000 -1,000000 -101,000000 0,000000 0,000000
264 1631382481 0,800000 -1,000000 -101,000000 0,000000 0,000000
264 1631382482 0,800000 -1,000000 -101,000000 0,000000 0,000000
264 1631382483 1,600000 -1,000000 -101,000000 0,000000 0,000000
264 1631382484 1,600000 -1,000000 -101,000000 0,000000 0,000000
264 1631382485 1,600000 -1,000000 -101,000000 0,000000 0,000000
264 1631382486 1,600000 -1,000000 -101,000000 0,000000 0,000000
264 1631382487 1,600000 -1,000000 -101,000000 0,000000 0,000000
264 1631382488 1,600000 -1,000000 -101,000000 0,000000 0,000000
264 1631382489 1,600000 -1,000000 -101,000000 0,000000 0,000000
264 1631382490 1,600000 -1,000000 -101,000000 0,000000 0,000000
264 1631382491 1,600000 -1,000000 -101,000000 0,000000 0,000000
264 1631382492 1,600000 -1,000000 -101,000000 0,000000 0,000000
264 1631382493 0,800000 -1,000000 -101,000000 0,000000 0,000000
264 1631382494 0,800000 -1,000000 -101,000000 0,000000 0,000000
264 1631382495 0,800000 -1,000000 -101,000000 0,000000 0,000000
264 1631382496 0,800000 -1,000000 -101,000000 0,000000 0,000000
264 1631382497 0,800000 -1,000000 -101,000000 0,000000 0,000000
264 1631382498 1,600000 -1,000000 -101,000000 0,000000 0,000000
264 1631382499 1,600000 -1,000000 -101,000000 0,000000 0,000000
264 1631382500 1,600000 -1,000000 -101,000000 0,000000 0,000000
264 1631382501 1,600000 -1,000000 -101,000000 0,000000 0,000000
264 1631382502 1,600000 -1,000000 -101,000000 0,000000 0,000000
264 1631382503 1,400000 -1,000000 -101,000000 0,000000 0,000000
264 1631382504 1,400000 -1,000000 -101,000000 0,000000 0,000000
264 1631382505 1,400000 -1,000000 -101,000000 0,000000 0,000000
264 1631382506 1,400000 -1,000000 -101,000000 0,000000 0,000000
264 1631382507 1,400000 -1,000000 -101,000000 0,000000 0,000000
264 1631382508 0,800000 -1,000000 -101,000000 0,000000 0,000000
264 1631382509 0,800000 -1,000000 -101,000000 0,000000 0,000000
264 1631382510 0,800000 -1,000000 -101,000000 0,000000 0,000000
264 1631382511 0,800000 -1,000000 -101,000000 0,000000 0,000000
264 1631382512 0,800000 -1,000000 -101,000000 0,000000 0,000000
264 1631382513 0,800000 -1,000000 -101,000000 0,000000 0,000000
264 1631382514 0,800000 -1,000000 -101,000000 0,000000 0,000000
264 1631382515 0,800000 -1,000000 -101,000000 0,000000 0,000000
264 1631382516 0,800000 -1,000000 -101,000000 0,000000 0,000000
264 1631382517 0,800000 -1,000000 -101,000000 0,000000 0,000000
264 1631382518 2,800000 -1,000000 -101,000000 0,000000 0,000000
264 1631382519 2,800000 -1,000000 -101,000000 0,000000 0,000000
264 1631382520 2,800000 -1,000000 -101,000000 0,000000 0,000000
264 1631382521 2,800000 -1,000000 -101,000000 0,000000 0,000000
264 1631382522 2,800000 -1,000000 -101,000000 0,000000 0,000000
264 1631382523 1,200000 -1,000000 -101,000000 0,000000 0,000000
264 1631382524 1,200000 -1,000000 -101,000000 0,000000 0,000000
264 1631382525 1,200000 -1,000000 -101,000000 0,000000 0,000000
264 1631382526 1,200000 -1,000000 -101,000000 0,000000 0,000000
264 1631382527 1,200000 -1,000000 -101,000000 0,000000 0,000000
264 1631382528 2,600000 -1,000000 -101,000000 0,000000 0,000000
264 1631382529 2,600000 -1,000000 -101,000000 0,000000 0,000000
264 1631382530 2,600000 -1,000000 -101,000000 0,000000 0,000000
264 1631382531 2,600000 -1,000000 -101,000000 0,000000 0,000000
264 1631382532 2,600000 -1,000000 -101,000000 0,000000 0,000000
264 1631382533 0,600000 -1,000000 -101,000000 0,000000 0,000000
264 1631382534 0,600000 -1,000000 -101,000000 0,000000 0,000000
264 1631382535 0,600000 -1,000000 -101,000000 0,000000 0,000000
264 1631382536 0,600000 -1,000000 -101,000000 0,000000 0,000000
264 1631382537 0,600000 -1,000000 -101,000000 0,000000 0,000000
264 1631382538 0,800000 -1,000000 -101,000000 0,000000 0,000000
264 1631382539 0,800000 -1,000000 -101,000000 0,000000 0,000000
264 1631382540 0,800000 -1,000000 -101,000000 0,000000 0,000000
264 1631382541 0,800000 -1,000000 -101,000000 0,000000 0,000000
264 1631382542 0,800000 -1,000000 -101,000000 0,000000 0,000000
264 1631382543 0,600000 -1,000000 -101,000000 0,000000 0,000000
264 1631382544 0,600000 -1,000000 -101,000000 0,000000 0,000000
264 1631382545 0,600000 -1,000000 -101,000000 0,000000 0,000000
264 1631382546 0,600000 -1,000000 -101,000000 0,000000 0,000000
264 1631382547 0,600000 -1,000000 -101,000000 0,000000 0,000000
264 1631382548 0,200000 -1,000000 -101,000000 0,000000 0,000000
264 1631382549 0,200000 -1,000000 -101,000000 0,000000 0,000000
264 1631382550 0,200000 -1,000000 -101,000000 0,000000 0,000000
264 1631382551 0,200000 -1,000000 -101,000000 0,000000 0,000000
264 1631382552 0,200000 -1,000000 -101,000000 0,000000 0,000000
264 1631382553 0,600000 -1,000000 -101,000000 0,000000 0,000000
264 1631382554 0,600000 -1,000000 -101,000000 0,000000 0,000000
264 1631382555 0,600000 -1,000000 -101,000000 0,000000 0,000000
264 1631382556 0,600000 -1,000000 -101,000000 0,000000 0,000000
264 1631382557 0,600000 -1,000000 -101,000000 0,000000 0,000000
264 1631382558 0,400000 -1,000000 -101,000000 0,000000 0,000000
264 1631382559 0,400000 -1,000000 -101,000000 0,000000 0,000000
264 1631382560 0,400000 -1,000000 -101,000000 0,000000 0,000000
264 1631382561 0,400000 -1,000000 -101,000000 0,000000 0,000000
264 1631382562 0,400000 -1,000000 -101,000000 0,000000 0,000000
264 1631382563 0,600000 -1,000000 -101,000000 0,000000 0,000000
264 1631382564 0,600000 -1,000000 -101,000000 0,000000 0,000000
264 1631382565 0,600000 -1,000000 -101,000000 0,000000 0,000000
264 1631382566 0,600000 -1,000000 -101,000000 0,000000 0,000000
264 1631382567 0,600000 -1,000000 -101,000000 0,000000 0,000000
264 1631382568 0,400000 -1,000000 -101,000000 0,000000 0,000000
264 1631382569 0,400000 -1,000000 -101,000000 0,000000 0,000000
264 1631382570 0,400000 -1,000000 -101,000000 0,000000 0,000000
264 1631382571 0,400000 -1,000000 -101,000000 0,000000 0,000000
264 1631382572 0,400000 -1,000000 -101,000000 0,000000 0,000000
264 1631382573 0,600000 -1,000000 -101,000000 0,000000 0,000000
264 1631382574 0,600000 -1,000000 -101,000000 0,000000 0,000000
264 1631382575 0,600000 -1,000000 -101,000000 0,000000 0,000000
264 1631382576 0,600000 -1,000000 -101,000000 0,000000 0,000000
264 1631382577 0,600000 -1,000000 -101,000000 0,000000 0,000000
264 1631382578 1,400000 -1,000000 -101,000000 0,000000 0,000000
264 1631382579 1,400000 -1,000000 -101,000000 0,000000 0,000000
264 1631382580 1,400000 -1,000000 -101,000000 0,000000 0,000000
264 1631382581 1,400000 -1,000000 -101,000000 0,000000 0,000000
264 1631382582 1,400000 -1,000000 -101,000000 0,000000 0,000000
264 1631382583 1,400000 -1,000000 -101,000000 0,000000 0,000000
264 1631382584 1,400000 -1,000000 -101,000000 0,000000 0,000000
264 1631382585 1,400000 -1,000000 -101,000000 0,000000 0,000000
264 1631382586 1,400000 -1,000000 -101,000000 0,000000 0,000000
264 1631382587 1,400000 -1,000000 -101,000000 0,000000 0,000000
264 1631382588 1,000000 -1,000000 -101,000000 0,000000 0,000000
264 1631382589 1,000000 -1,000000 -101,000000 0,000000 0,000000
264 1631382590 1,000000 -1,000000 -101,000000 0,000000 0,000000
264 1631382591 1,000000 -1,000000 -101,000000 0,000000 0,000000
264 1631382592 1,000000 -1,000000 -101,000000 0,000000 0,000000
264 1631382593 2,600000 -1,000000 -101,000000 0,000000 0,000000
264 1631382594 2,600000 -1,000000 -101,000000 0,000000 0,000000
264 1631382595 2,600000 -1,000000 -101,000000 0,000000 0,000000
264 1631382596 2,600000 -1,000000 -101,000000 0,000000 0,000000
264 1631382597 2,600000 -1,000000 -101,000000 0,000000 0,000000
264 1631382598 1,600000 -1,000000 -101,000000 0,000000 0,000000
264 1631382599 1,600000 -1,000000 -101,000000 0,000000 0,000000
264 1631382600 1,600000 -1,000000 -101,000000 0,000000 0,000000
264 1631382601 1,600000 -1,000000 -101,000000 0,000000 0,000000
264 1631382602 1,600000 -1,000000 -101,000000 0,000000 0,000000
264 1631382603 2,400000 -1,000000 -101,000000 0,000000 0,000000
264 1631382604 2,400000 -1,000000 -101,000000 0,000000 0,000000
264 1631382605 2,400000 -1,000000 -101,000000 0,000000 0,000000
264 1631382606 2,400000 -1,000000 -101,000000 0,000000 0,000000
264 1631382607 2,400000 -1,000000 -101,000000 0,000000 0,000000
264 1631382608 0,400000 -1,000000 -101,000000 0,000000 0,000000
264 1631382609 0,400000 -1,000000 -101,000000 0,000000 0,000000
264 1631382610 0,400000 -1,000000 -101,000000 0,000000 0,000000
264 1631382611 0,400000 -1,000000 -101,000000 0,000000 0,000000
264 1631382612 0,400000 -1,000000 -101,000000 0,000000 0,000000
264 1631382613 0,600000 -1,000000 -101,000000 0,000000 0,000000
264 1631382614 0,600000 -1,000000 -101,000000 0,000000 0,000000
264 1631382615 0,600000 -1,000000 -101,000000 0,000000 0,000000
264 1631382616 0,600000 -1,000000 -101,000000 0,000000 0,000000
264 1631382617 0,600000 -1,000000 -101,000000 0,000000 0,000000
264 1631382618 0,800000 -1,000000 -101,000000 0,000000 0,000000
264 1631382619 0,800000 -1,000000 -101,000000 0,000000 0,000000
264 1631382620 0,800000 -1,000000 -101,000000 0,000000 0,000000
264 1631382621 0,800000 -1,000000 -101,000000 0,000000 0,000000
264 1631382622 0,800000 -1,000000 -101,000000 0,000000 0,000000
264 1631382623 0,400000 -1,000000 -101,000000 0,000000 0,000000
264 1631382624 0,400000 -1,000000 -101,000000 0,000000 0,000000
264 1631382625 0,400000 -1,000000 -101,000000 0,000000 0,000000
264 1631382626 0,400000 -1,000000 -101,000000 0,000000 0,000000
264 1631382627 0,400000 -1,000000 -101,000000 0,000000 0,000000
264 1631382628 0,200000 -1,000000 -101,000000 0,000000 0,000000
264 1631382629 0,200000 -1,000000 -101,000000 0,000000 0,000000
264 1631382630 0,200000 -1,000000 -101,000000 0,000000 0,000000
264 1631382631 0,200000 -1,000000 -101,000000 0,000000 0,000000
264 1631382632 0,200000 -1,000000 -101,000000 0,000000 0,000000
264 1631382633 0,200000 -1,000000 -101,000000 0,000000 0,000000
264 1631382634 0,200000 -1,000000 -101,000000 0,000000 0,000000
264 1631382635 0,200000 -1,000000 -101,000000 0,000000 0,000000
264 1631382636 0,200000 -1,000000 -101,000000 0,000000 0,000000
264 1631382637 0,200000 -1,000000 -101,000000 0,000000 0,000000
264 1631382638 0,600000 -1,000000 -101,000000 0,000000 0,000000
264 1631382639 0,600000 -1,000000 -101,000000 0,000000 0,000000
264 1631382640 0,600000 -1,000000 -101,000000 0,000000 0,000000
264 1631382641 0,600000 -1,000000 -101,000000 0,000000 0,000000
264 1631382642 0,600000 -1,000000 -101,000000 0,000000 0,000000
264 1631382643 0,800000 -1,000000 -101,000000 0,000000 0,000000
264 1631382644 0,800000 -1,000000 -101,000000 0,000000 0,000000
264 1631382645 0,800000 -1,000000 -101,000000 0,000000 0,000000
264 1631382646 0,800000 -1,000000 -101,000000 0,000000 0,000000
264 1631382647 0,800000 -1,000000 -101,000000 0,000000 0,000000
264 1631382648 1,000000 -1,000000 -101,000000 0,000000 0,000000
264 1631382649 1,000000 -1,000000 -101,000000 0,000000 0,000000
264 1631382650 1,000000 -1,000000 -101,000000 0,000000 0,000000
264 1631382651 1,000000 -1,000000 -101,000000 0,000000 0,000000
264 1631382652 1,000000 -1,000000 -101,000000 0,000000 0,000000
264 1631382653 1,200000 -1,000000 -101,000000 0,000000 0,000000
264 1631382654 1,200000 -1,000000 -101,000000 0,000000 0,000000
264 1631382655 1,200000 -1,000000 -101,000000 0,000000 0,000000
264 1631382656 1,200000 -1,000000 -101,000000 0,000000 0,000000
264 1631382657 1,200000 -1,000000 -101,000000 0,000000 0,000000
264 1631382658 2,000000 -1,000000 -101,000000 0,000000 0,000000
264 1631382659 2,000000 -1,000000 -101,000000 0,000000 0,000000
264 1631382660 2,000000 -1,000000 -101,000000 0,000000 0,000000
264 1631382661 2,000000 -1,000000 -101,000000 0,000000 0,000000
264 1631382662 2,000000 -1,000000 -101,000000 0,000000 0,000000
264 1631382663 2,000000 -1,000000 -101,000000 0,000000 0,000000
264 1631382664 2,000000 -1,000000 -101,000000 0,000000 0,000000
264 1631382665 2,000000 -1,000000 -101,000000 0,000000 0,000000
264 1631382666 2,000000 -1,000000 -101,000000 0,000000 0,000000
264 1631382667 2,000000 -1,000000 -101,000000 0,000000 0,000000
264 1631382668 3,200000 -1,000000 -101,000000 0,000000 0,000000
264 1631382669 3,200000 -1,000000 -101,000000 0,000000 0,000000
264 1631382670 3,200000 -1,000000 -101,000000 0,000000 0,000000
264 1631382671 3,200000 -1,000000 -101,000000 0,000000 0,000000
264 1631382672 3,200000 -1,000000 -101,000000 0,000000 0,000000
264 1631382673 1,000000 -1,000000 -101,000000 0,000000 0,000000
264 1631382674 1,000000 -1,000000 -101,000000 0,000000 0,000000
264 1631382675 1,000000 -1,000000 -101,000000 0,000000 0,000000
264 1631382676 1,000000 -1,000000 -101,000000 0,000000 0,000000
264 1631382677 1,000000 -1,000000 -101,000000 0,000000 0,000000
264 1631382678 3,000000 -1,000000 -101,000000 0,000000 0,000000
264 1631382679 3,000000 -1,000000 -101,000000 0,000000 0,000000
264 1631382680 3,000000 -1,000000 -101,000000 0,000000 0,000000
264 1631382681 3,000000 -1,000000 -101,000000 0,000000 0,000000
264 1631382682 3,000000 -1,000000 -101,000000 0,000000 0,000000
264 1631382683 0,800000 -1,000000 -101,000000 0,000000 0,000000
264 1631382684 0,800000 -1,000000 -101,000000 0,000000 0,000000
264 1631382685 0,800000 -1,000000 -101,000000 0,000000 0,000000
264 1631382686 0,800000 -1,000000 -101,000000 0,000000 0,000000
264 1631382687 0,800000 -1,000000 -101,000000 0,000000 0,000000
264 1631382688 0,600000 -1,000000 -101,000000 0,000000 0,000000
264 1631382689 0,600000 -1,000000 -101,000000 0,000000 0,000000
264 1631382690 0,600000 -1,000000 -101,000000 0,000000 0,000000
264 1631382691 0,600000 -1,000000 -101,000000 0,000000 0,000000
264 1631382692 0,600000 -1,000000 -101,000000 0,000000 0,000000
264 1631382693 1,200000 -1,000000 -101,000000 0,000000 0,000000
264 1631382694 1,200000 -1,000000 -101,000000 0,000000 0,000000
264 1631382695 1,200000 -1,000000 -101,000000 0,000000 0,000000
264 1631382696 1,200000 -1,000000 -101,000000 0,000000 0,000000
264 1631382697 1,200000 -1,000000 -101,000000 0,000000 0,000000
264 1631382698 0,800000 -1,000000 -101,000000 0,000000 0,000000
264 1631382699 0,800000 -1,000000 -101,000000 0,000000 0,000000
264 1631382700 0,800000 -1,000000 -101,000000 0,000000 0,000000
264 1631382701 0,800000 -1,000000 -101,000000 0,000000 0,000000
264 1631382702 0,800000 -1,000000 -101,000000 0,000000 0,000000
264 1631382703 0,400000 -1,000000 -101,000000 0,000000 0,000000
264 1631382704 0,400000 -1,000000 -101,000000 0,000000 0,000000
264 1631382705 0,400000 -1,000000 -101,000000 0,000000 0,000000
264 1631382706 0,400000 -1,000000 -101,000000 0,000000 0,000000
264 1631382707 0,400000 -1,000000 -101,000000 0,000000 0,000000
264 1631382718 0,400000 -1,000000 -101,000000 0,000000 0,000000
264 1631382719 0,400000 -1,000000 -101,000000 0,000000 0,000000
264 1631382720 0,400000 -1,000000 -101,000000 0,000000 0,000000
264 1631382721 0,400000 -1,000000 -101,000000 0,000000 0,000000
264 1631382722 0,400000 -1,000000 -101,000000 0,000000 0,000000
264 1631382723 0,600000 -1,000000 -101,000000 0,000000 0,000000
264 1631382724 0,600000 -1,000000 -101,000000 0,000000 0,000000
264 1631382725 0,600000 -1,000000 -101,000000 0,000000 0,000000
264 1631382726 0,600000 -1,000000 -101,000000 0,000000 0,000000
264 1631382727 0,600000 -1,000000 -101,000000 0,000000 0,000000
264 1631382728 1,200000 -1,000000 -101,000000 0,000000 0,000000
264 1631382729 1,200000 -1,000000 -101,000000 0,000000 0,000000
264 1631382730 1,200000 -1,000000 -101,000000 0,000000 0,000000
264 1631382731 1,200000 -1,000000 -101,000000 0,000000 0,000000
264 1631382732 1,200000 -1,000000 -101,000000 0,000000 0,000000
264 1631382733 1,600000 -1,000000 -101,000000 0,000000 0,000000
264 1631382734 1,600000 -1,000000 -101,000000 0,000000 0,000000
264 1631382735 1,600000 -1,000000 -101,000000 0,000000 0,000000
264 1631382736 1,600000 -1,000000 -101,000000 0,000000 0,000000
264 1631382737 1,600000 -1,000000 -101,000000 0,000000 0,000000
264 1631382738 1,800000 -1,000000 -101,000000 0,000000 0,000000
264 1631382739 1,800000 -1,000000 -101,000000 0,000000 0,000000
264 1631382740 1,800000 -1,000000 -101,000000 0,000000 0,000000
264 1631382741 1,800000 -1,000000 -101,000000 0,000000 0,000000
264 1631382742 1,800000 -1,000000 -101,000000 0,000000 0,000000
264 1631382743 3,400000 -1,000000 -101,000000 0,000000 0,000000
264 1631382744 3,400000 -1,000000 -101,000000 0,000000 0,000000
264 1631382745 3,400000 -1,000000 -101,000000 0,000000 0,000000
264 1631382746 3,400000 -1,000000 -101,000000 0,000000 0,000000
264 1631382747 3,400000 -1,000000 -101,000000 0,000000 0,000000
264 1631382748 0,600000 -1,000000 -101,000000 0,000000 0,000000
264 1631382749 0,600000 -1,000000 -101,000000 0,000000 0,000000
264 1631382750 0,600000 -1,000000 -101,000000 0,000000 0,000000
264 1631382751 0,600000 -1,000000 -101,000000 0,000000 0,000000
264 1631382752 0,600000 -1,000000 -101,000000 0,000000 0,000000
264 1631382753 1,800000 -1,000000 -101,000000 0,000000 0,000000
264 1631382754 1,800000 -1,000000 -101,000000 0,000000 0,000000
264 1631382755 1,800000 -1,000000 -101,000000 0,000000 0,000000
264 1631382756 1,800000 -1,000000 -101,000000 0,000000 0,000000
264 1631382757 1,800000 -1,000000 -101,000000 0,000000 0,000000
264 1631382758 0,400000 -1,000000 -101,000000 0,000000 0,000000
264 1631382759 0,400000 -1,000000 -101,000000 0,000000 0,000000
264 1631382760 0,400000 -1,000000 -101,000000 0,000000 0,000000
264 1631382761 0,400000 -1,000000 -101,000000 0,000000 0,000000
264 1631382762 0,400000 -1,000000 -101,000000 0,000000 0,000000
264 1631382763 0,600000 -1,000000 -101,000000 0,000000 0,000000
264 1631382764 0,600000 -1,000000 -101,000000 0,000000 0,000000
264 1631382765 0,600000 -1,000000 -101,000000 0,000000 0,000000
264 1631382766 0,600000 -1,000000 -101,000000 0,000000 0,000000
264 1631382767 0,600000 -1,000000 -101,000000 0,000000 0,000000
264 1631382768 0,600000 -1,000000 -101,000000 0,000000 0,000000
264 1631382769 0,600000 -1,000000 -101,000000 0,000000 0,000000
264 1631382770 0,600000 -1,000000 -101,000000 0,000000 0,000000
264 1631382771 0,600000 -1,000000 -101,000000 0,000000 0,000000
264 1631382772 0,600000 -1,000000 -101,000000 0,000000 0,000000
264 1631382773 0,800000 -1,000000 -101,000000 0,000000 0,000000
264 1631382774 0,800000 -1,000000 -101,000000 0,000000 0,000000
264 1631382775 0,800000 -1,000000 -101,000000 0,000000 0,000000
264 1631382776 0,800000 -1,000000 -101,000000 0,000000 0,000000
264 1631382777 0,800000 -1,000000 -101,000000 0,000000 0,000000
264 1631382778 0,800000 -1,000000 -101,000000 0,000000 0,000000
264 1631382779 0,800000 -1,000000 -101,000000 0,000000 0,000000
264 1631382780 0,800000 -1,000000 -101,000000 0,000000 0,000000
264 1631382781 0,800000 -1,000000 -101,000000 0,000000 0,000000
264 1631382782 0,800000 -1,000000 -101,000000 0,000000 0,000000
264 1631382783 0,600000 -1,000000 -101,000000 0,000000 0,000000
264 1631382784 0,600000 -1,000000 -101,000000 0,000000 0,000000
264 1631382785 0,600000 -1,000000 -101,000000 0,000000 0,000000
264 1631382786 0,600000 -1,000000 -101,000000 0,000000 0,000000
264 1631382787 0,600000 -1,000000 -101,000000 0,000000 0,000000
264 1631382788 0,200000 -1,000000 -101,000000 0,000000 0,000000
264 1631382789 0,200000 -1,000000 -101,000000 0,000000 0,000000
264 1631382790 0,200000 -1,000000 -101,000000 0,000000 0,000000
264 1631382791 0,200000 -1,000000 -101,000000 0,000000 0,000000
264 1631382792 0,200000 -1,000000 -101,000000 0,000000 0,000000
264 1631382793 0,600000 -1,000000 -101,000000 0,000000 0,000000
264 1631382794 0,600000 -1,000000 -101,000000 0,000000 0,000000
264 1631382795 0,600000 -1,000000 -101,000000 0,000000 0,000000
264 1631382796 0,600000 -1,000000 -101,000000 0,000000 0,000000
264 1631382797 0,600000 -1,000000 -101,000000 0,000000 0,000000
264 1631382798 0,400000 -1,000000 -101,000000 0,000000 0,000000
264 1631382799 0,400000 -1,000000 -101,000000 0,000000 0,000000
264 1631382800 0,400000 -1,000000 -101,000000 0,000000 0,000000
264 1631382801 0,400000 -1,000000 -101,000000 0,000000 0,000000
264 1631382802 0,400000 -1,000000 -101,000000 0,000000 0,000000
264 1631382803 1,000000 -1,000000 -101,000000 0,000000 0,000000
264 1631382804 1,000000 -1,000000 -101,000000 0,000000 0,000000
264 1631382805 1,000000 -1,000000 -101,000000 0,000000 0,000000
264 1631382806 1,000000 -1,000000 -101,000000 0,000000 0,000000
264 1631382807 1,000000 -1,000000 -101,000000 0,000000 0,000000
264 1631382808 1,200000 -1,000000 -101,000000 0,000000 0,000000
264 1631382809 1,200000 -1,000000 -101,000000 0,000000 0,000000
264 1631382810 1,200000 -1,000000 -101,000000 0,000000 0,000000
264 1631382811 1,200000 -1,000000 -101,000000 0,000000 0,000000
264 1631382812 1,200000 -1,000000 -101,000000 0,000000 0,000000
264 1631382813 1,400000 -1,000000 -101,000000 0,000000 0,000000
264 1631382814 1,400000 -1,000000 -101,000000 0,000000 0,000000
264 1631382815 1,400000 -1,000000 -101,000000 0,000000 0,000000
264 1631382816 1,400000 -1,000000 -101,000000 0,000000 0,000000
264 1631382817 1,400000 -1,000000 -101,000000 0,000000 0,000000
264 1631382818 3,200000 -1,000000 -101,000000 0,000000 0,000000
264 1631382819 3,200000 -1,000000 -101,000000 0,000000 0,000000
264 1631382820 3,200000 -1,000000 -101,000000 0,000000 0,000000
264 1631382821 3,200000 -1,000000 -101,000000 0,000000 0,000000
264 1631382822 3,200000 -1,000000 -101,000000 0,000000 0,000000
264 1631382823 1,400000 -1,000000 -101,000000 0,000000 0,000000
264 1631382824 1,400000 -1,000000 -101,000000 0,000000 0,000000
264 1631382825 1,400000 -1,000000 -101,000000 0,000000 0,000000
264 1631382826 1,400000 -1,000000 -101,000000 0,000000 0,000000
264 1631382827 1,400000 -1,000000 -101,000000 0,000000 0,000000
264 1631382828 2,000000 -1,000000 -101,000000 0,000000 0,000000
264 1631382829 2,000000 -1,000000 -101,000000 0,000000 0,000000
264 1631382830 2,000000 -1,000000 -101,000000 0,000000 0,000000
264 1631382831 2,000000 -1,000000 -101,000000 0,000000 0,000000
264 1631382832 2,000000 -1,000000 -101,000000 0,000000 0,000000
264 1631382833 0,400000 -1,000000 -101,000000 0,000000 0,000000
264 1631382834 0,400000 -1,000000 -101,000000 0,000000 0,000000
264 1631382835 0,400000 -1,000000 -101,000000 0,000000 0,000000
264 1631382836 0,400000 -1,000000 -101,000000 0,000000 0,000000
264 1631382837 0,400000 -1,000000 -101,000000 0,000000 0,000000
264 1631382838 1,400000 -1,000000 -101,000000 0,000000 0,000000
264 1631382839 1,400000 -1,000000 -101,000000 0,000000 0,000000
264 1631382840 1,400000 -1,000000 -101,000000 0,000000 0,000000
264 1631382841 1,400000 -1,000000 -101,000000 0,000000 0,000000
264 1631382842 1,400000 -1,000000 -101,000000 0,000000 0,000000
264 1631382843 1,200000 -1,000000 -101,000000 0,000000 0,000000
264 1631382844 1,200000 -1,000000 -101,000000 0,000000 0,000000
264 1631382845 1,200000 -1,000000 -101,000000 0,000000 0,000000
264 1631382846 1,200000 -1,000000 -101,000000 0,000000 0,000000
264 1631382847 1,200000 -1,000000 -101,000000 0,000000 0,000000
264 1631382848 1,400000 -1,000000 -101,000000 0,000000 0,000000
264 1631382849 1,400000 -1,000000 -101,000000 0,000000 0,000000
264 1631382850 1,400000 -1,000000 -101,000000 0,000000 0,000000
264 1631382851 1,400000 -1,000000 -101,000000 0,000000 0,000000
264 1631382852 1,400000 -1,000000 -101,000000 0,000000 0,000000
264 1631382853 0,800000 -1,000000 -101,000000 0,000000 0,000000
264 1631382854 0,800000 -1,000000 -101,000000 0,000000 0,000000
264 1631382855 0,800000 -1,000000 -101,000000 0,000000 0,000000
264 1631382856 0,800000 -1,000000 -101,000000 0,000000 0,000000
264 1631382857 0,800000 -1,000000 -101,000000 0,000000 0,000000
264 1631382858 1,400000 -1,000000 -101,000000 0,000000 0,000000
264 1631382859 1,400000 -1,000000 -101,000000 0,000000 0,000000
264 1631382860 1,400000 -1,000000 -101,000000 0,000000 0,000000
264 1631382861 1,400000 -1,000000 -101,000000 0,000000 0,000000
264 1631382862 1,400000 -1,000000 -101,000000 0,000000 0,000000
264 1631382863 0,400000 -1,000000 -101,000000 0,000000 0,000000
264 1631382864 0,400000 -1,000000 -101,000000 0,000000 0,000000
264 1631382865 0,400000 -1,000000 -101,000000 0,000000 0,000000
264 1631382866 0,400000 -1,000000 -101,000000 0,000000 0,000000
264 1631382867 0,400000 -1,000000 -101,000000 0,000000 0,000000
264 1631382868 0,200000 -1,000000 -101,000000 0,000000 0,000000
264 1631382869 0,200000 -1,000000 -101,000000 0,000000 0,000000
264 1631382870 0,200000 -1,000000 -101,000000 0,000000 0,000000
264 1631382871 0,200000 -1,000000 -101,000000 0,000000 0,000000
264 1631382872 0,200000 -1,000000 -101,000000 0,000000 0,000000
264 1631382873 0,200000 -1,000000 -101,000000 0,000000 0,000000
264 1631382874 0,200000 -1,000000 -101,000000 0,000000 0,000000
264 1631382875 0,200000 -1,000000 -101,000000 0,000000 0,000000
264 1631382876 0,200000 -1,000000 -101,000000 0,000000 0,000000
264 1631382877 0,200000 -1,000000 -101,000000 0,000000 0,000000
264 1631382878 1,000000 -1,000000 -101,000000 0,000000 0,000000
264 1631382879 1,000000 -1,000000 -101,000000 0,000000 0,000000
264 1631382880 1,000000 -1,000000 -101,000000 0,000000 0,000000
264 1631382881 1,000000 -1,000000 -101,000000 0,000000 0,000000
264 1631382882 1,000000 -1,000000 -101,000000 0,000000 0,000000
264 1631382883 1,400000 -1,000000 -101,000000 0,000000 0,000000
264 1631382884 1,400000 -1,000000 -101,000000 0,000000 0,000000
264 1631382885 1,400000 -1,000000 -101,000000 0,000000 0,000000
264 1631382886 1,400000 -1,000000 -101,000000 0,000000 0,000000
264 1631382887 1,400000 -1,000000 -101,000000 0,000000 0,000000
264 1631382947 0,400000 -1,000000 0,400000 0,400000 0,000000
264 1631382946 0,400000 -1,000000 0,400000 0,400000 0,000000
264 1631382945 0,400000 -1,000000 0,400000 0,400000 0,000000
264 1631382944 0,400000 -1,000000 0,400000 0,400000 0,000000
264 1631382943 0,400000 -1,000000 0,400000 0,400000 0,000000
264 1631382942 0,800000 -1,000000 0,800000 0,800000 0,000000
264 1631382941 0,800000 -1,000000 0,800000 0,800000 0,000000
264 1631382940 0,800000 -1,000000 0,800000 0,800000 0,000000
264 1631382939 0,800000 -1,000000 0,800000 0,800000 0,000000
264 1631382938 0,800000 -1,000000 0,800000 0,800000 0,000000
264 1631382937 1,200000 -1,000000 1,200000 1,200000 0,000000
264 1631382936 1,200000 -1,000000 1,200000 1,200000 0,000000
264 1631382935 1,200000 -1,000000 1,200000 1,200000 0,000000
264 1631382934 1,200000 -1,000000 1,200000 1,200000 0,000000
264 1631382933 1,200000 -1,000000 1,200000 1,200000 0,000000
264 1631382932 0,800000 -1,000000 0,800000 0,800000 0,000000
264 1631382931 0,800000 -1,000000 0,800000 0,800000 0,000000
264 1631382930 0,800000 -1,000000 0,800000 0,800000 0,000000
264 1631382929 0,800000 -1,000000 0,800000 0,800000 0,000000
264 1631382928 0,800000 -1,000000 0,800000 0,800000 0,000000
264 1631382927 0,600000 -1,000000 0,600000 0,600000 0,000000
264 1631382926 0,600000 -1,000000 0,600000 0,600000 0,000000
264 1631382925 0,600000 -1,000000 0,600000 0,600000 0,000000
264 1631382924 0,600000 -1,000000 0,600000 0,600000 0,000000
264 1631382923 0,600000 -1,000000 0,600000 0,600000 0,000000
264 1631382922 0,600000 -1,000000 0,600000 0,600000 0,000000
264 1631382921 0,600000 -1,000000 0,600000 0,600000 0,000000
264 1631382920 0,600000 -1,000000 0,600000 0,600000 0,000000
264 1631382919 0,600000 -1,000000 0,600000 0,600000 0,000000
264 1631382918 0,600000 -1,000000 0,600000 0,600000 0,000000
264 1631382917 0,200000 -1,000000 0,200000 0,200000 0,000000
264 1631382916 0,200000 -1,000000 0,200000 0,200000 0,000000
264 1631382915 0,200000 -1,000000 0,200000 0,200000 0,000000
264 1631382914 0,200000 -1,000000 0,200000 0,200000 0,000000
264 1631382913 0,200000 -1,000000 0,200000 0,200000 0,000000
264 1631382907 2,200000 -1,000000 2,200000 2,200000 0,000000
264 1631382906 2,200000 -1,000000 2,200000 2,200000 0,000000
264 1631382905 2,200000 -1,000000 2,200000 2,200000 0,000000
264 1631382904 2,200000 -1,000000 2,200000 2,200000 0,000000
264 1631382903 2,200000 -1,000000 2,200000 2,200000 0,000000
264 1631382902 1,600000 -1,000000 1,600000 1,600000 0,000000
264 1631382901 1,600000 -1,000000 1,600000 1,600000 0,000000
264 1631382900 1,600000 -1,000000 1,600000 1,600000 0,000000
264 1631382899 1,600000 -1,000000 1,600000 1,600000 0,000000
264 1631382898 1,600000 -1,000000 1,600000 1,600000 0,000000
264 1631382897 2,800000 -1,000000 2,800000 2,800000 0,000000
264 1631382896 2,800000 -1,000000 2,800000 2,800000 0,000000
264 1631382895 2,800000 -1,000000 2,800000 2,800000 0,000000
264 1631382894 2,800000 -1,000000 2,800000 2,800000 0,000000
264 1631382893 2,800000 -1,000000 2,800000 2,800000 0,000000
264 1631382892 2,000000 -1,000000 2,000000 2,000000 0,000000
264 1631382891 2,000000 -1,000000 2,000000 2,000000 0,000000
264 1631382890 2,000000 -1,000000 2,000000 2,000000 0,000000
264 1631382889 2,000000 -1,000000 2,000000 2,000000 0,000000
264 1631382888 2,000000 -1,000000 2,000000 2,000000 0,000000
264 1631382888 2,000000 -1,000000 -101,000000 0,000000 0,000000
264 1631382889 2,000000 -1,000000 -101,000000 0,000000 0,000000
264 1631382890 2,000000 -1,000000 -101,000000 0,000000 0,000000
264 1631382891 2,000000 -1,000000 -101,000000 0,000000 0,000000
264 1631382892 2,000000 -1,000000 -101,000000 0,000000 0,000000
264 1631382893 2,800000 -1,000000 -101,000000 0,000000 0,000000
264 1631382894 2,800000 -1,000000 -101,000000 0,000000 0,000000
264 1631382895 2,800000 -1,000000 -101,000000 0,000000 0,000000
264 1631382896 2,800000 -1,000000 -101,000000 0,000000 0,000000
264 1631382897 2,800000 -1,000000 -101,000000 0,000000 0,000000
264 1631382898 1,600000 -1,000000 -101,000000 0,000000 0,000000
264 1631382899 1,600000 -1,000000 -101,000000 0,000000 0,000000
264 1631382900 1,600000 -1,000000 -101,000000 0,000000 0,000000
264 1631382901 1,600000 -1,000000 -101,000000 0,000000 0,000000
264 1631382902 1,600000 -1,000000 -101,000000 0,000000 0,000000
264 1631382903 2,200000 -1,000000 -101,000000 0,000000 0,000000
264 1631382904 2,200000 -1,000000 -101,000000 0,000000 0,000000
264 1631382905 2,200000 -1,000000 -101,000000 0,000000 0,000000
264 1631382906 2,200000 -1,000000 -101,000000 0,000000 0,000000
264 1631382907 2,200000 -1,000000 -101,000000 0,000000 0,000000
264 1631382913 0,200000 -1,000000 -101,000000 0,000000 0,000000
264 1631382914 0,200000 -1,000000 -101,000000 0,000000 0,000000
264 1631382915 0,200000 -1,000000 -101,000000 0,000000 0,000000
264 1631382916 0,200000 -1,000000 -101,000000 0,000000 0,000000
264 1631382917 0,200000 -1,000000 -101,000000 0,000000 0,000000
264 1631382918 0,600000 -1,000000 -101,000000 0,000000 0,000000
264 1631382919 0,600000 -1,000000 -101,000000 0,000000 0,000000
264 1631382920 0,600000 -1,000000 -101,000000 0,000000 0,000000
264 1631382921 0,600000 -1,000000 -101,000000 0,000000 0,000000
264 1631382922 0,600000 -1,000000 -101,000000 0,000000 0,000000
264 1631382923 0,600000 -1,000000 -101,000000 0,000000 0,000000
264 1631382924 0,600000 -1,000000 -101,000000 0,000000 0,000000
264 1631382925 0,600000 -1,000000 -101,000000 0,000000 0,000000
264 1631382926 0,600000 -1,000000 -101,000000 0,000000 0,000000
264 1631382927 0,600000 -1,000000 -101,000000 0,000000 0,000000
264 1631382928 0,800000 -1,000000 -101,000000 0,000000 0,000000
264 1631382929 0,800000 -1,000000 -101,000000 0,000000 0,000000
264 1631382930 0,800000 -1,000000 -101,000000 0,000000 0,000000
264 1631382931 0,800000 -1,000000 -101,000000 0,000000 0,000000
264 1631382932 0,800000 -1,000000 -101,000000 0,000000 0,000000
264 1631382933 1,200000 -1,000000 -101,000000 0,000000 0,000000
264 1631382934 1,200000 -1,000000 -101,000000 0,000000 0,000000
264 1631382935 1,200000 -1,000000 -101,000000 0,000000 0,000000
264 1631382936 1,200000 -1,000000 -101,000000 0,000000 0,000000
264 1631382937 1,200000 -1,000000 -101,000000 0,000000 0,000000
264 1631382938 0,800000 -1,000000 -101,000000 0,000000 0,000000
264 1631382939 0,800000 -1,000000 -101,000000 0,000000 0,000000
264 1631382940 0,800000 -1,000000 -101,000000 0,000000 0,000000
264 1631382941 0,800000 -1,000000 -101,000000 0,000000 0,000000
264 1631382942 0,800000 -1,000000 -101,000000 0,000000 0,000000
264 1631382943 0,400000 -1,000000 -101,000000 0,000000 0,000000
264 1631382944 0,400000 -1,000000 -101,000000 0,000000 0,000000
264 1631382945 0,400000 -1,000000 -101,000000 0,000000 0,000000
264 1631382946 0,400000 -1,000000 -101,000000 0,000000 0,000000
264 1631382947 0,400000 -1,000000 -101,000000 0,000000 0,000000
264 1631382948 0,200000 -1,000000 -101,000000 0,000000 0,000000
264 1631382949 0,200000 -1,000000 -101,000000 0,000000 0,000000
264 1631382950 0,200000 -1,000000 -101,000000 0,000000 0,000000
264 1631382951 0,200000 -1,000000 -101,000000 0,000000 0,000000
264 1631382952 0,200000 -1,000000 -101,000000 0,000000 0,000000
264 1631382953 0,400000 -1,000000 -101,000000 0,000000 0,000000
264 1631382954 0,400000 -1,000000 -101,000000 0,000000 0,000000
264 1631382955 0,400000 -1,000000 -101,000000 0,000000 0,000000
264 1631382956 0,400000 -1,000000 -101,000000 0,000000 0,000000
264 1631382957 0,400000 -1,000000 -101,000000 0,000000 0,000000
264 1631382958 1,200000 -1,000000 -101,000000 0,000000 0,000000
264 1631382959 1,200000 -1,000000 -101,000000 0,000000 0,000000
264 1631382960 1,200000 -1,000000 -101,000000 0,000000 0,000000
264 1631382961 1,200000 -1,000000 -101,000000 0,000000 0,000000
264 1631382962 1,200000 -1,000000 -101,000000 0,000000 0,000000
264 1631382963 1,400000 -1,000000 -101,000000 0,000000 0,000000
264 1631382964 1,400000 -1,000000 -101,000000 0,000000 0,000000
264 1631382965 1,400000 -1,000000 -101,000000 0,000000 0,000000
264 1631382966 1,400000 -1,000000 -101,000000 0,000000 0,000000
264 1631382967 1,400000 -1,000000 -101,000000 0,000000 0,000000
264 1631382968 2,800000 -1,000000 -101,000000 0,000000 0,000000
264 1631382969 2,800000 -1,000000 -101,000000 0,000000 0,000000
264 1631382970 2,800000 -1,000000 -101,000000 0,000000 0,000000
264 1631382971 2,800000 -1,000000 -101,000000 0,000000 0,000000
264 1631382972 2,800000 -1,000000 -101,000000 0,000000 0,000000
264 1631382973 1,600000 -1,000000 -101,000000 0,000000 0,000000
264 1631382974 1,600000 -1,000000 -101,000000 0,000000 0,000000
264 1631382975 1,600000 -1,000000 -101,000000 0,000000 0,000000
264 1631382976 1,600000 -1,000000 -101,000000 0,000000 0,000000
264 1631382977 1,600000 -1,000000 -101,000000 0,000000 0,000000
264 1631382978 2,800000 -1,000000 -101,000000 0,000000 0,000000
264 1631382979 2,800000 -1,000000 -101,000000 0,000000 0,000000
264 1631382980 2,800000 -1,000000 -101,000000 0,000000 0,000000
264 1631382981 2,800000 -1,000000 -101,000000 0,000000 0,000000
264 1631382982 2,800000 -1,000000 -101,000000 0,000000 0,000000
264 1631382983 1,000000 -1,000000 -101,000000 0,000000 0,000000
264 1631382984 1,000000 -1,000000 -101,000000 0,000000 0,000000
264 1631382985 1,000000 -1,000000 -101,000000 0,000000 0,000000
264 1631382986 1,000000 -1,000000 -101,000000 0,000000 0,000000
264 1631382987 1,000000 -1,000000 -101,000000 0,000000 0,000000
264 1631382998 0,400000 -1,000000 -101,000000 0,000000 0,000000
264 1631382999 0,400000 -1,000000 -101,000000 0,000000 0,000000
264 1631383000 0,400000 -1,000000 -101,000000 0,000000 0,000000
264 1631383001 0,400000 -1,000000 -101,000000 0,000000 0,000000
264 1631383002 0,400000 -1,000000 -101,000000 0,000000 0,000000
264 1631383003 0,400000 -1,000000 -101,000000 0,000000 0,000000
264 1631383004 0,400000 -1,000000 -101,000000 0,000000 0,000000
264 1631383005 0,400000 -1,000000 -101,000000 0,000000 0,000000
264 1631383006 0,400000 -1,000000 -101,000000 0,000000 0,000000
264 1631383007 0,400000 -1,000000 -101,000000 0,000000 0,000000
264 1631383070 3,000000 -1,000000 3,000000 3,000000 0,000000
264 1631383069 3,000000 -1,000000 3,000000 3,000000 0,000000
264 1631383068 3,000000 -1,000000 3,000000 3,000000 0,000000
264 1631383067 0,800000 -1,000000 0,800000 0,800000 0,000000
264 1631383066 0,800000 -1,000000 0,800000 0,800000 0,000000
264 1631383065 0,800000 -1,000000 0,800000 0,800000 0,000000
264 1631383064 0,800000 -1,000000 0,800000 0,800000 0,000000
264 1631383063 0,800000 -1,000000 0,800000 0,800000 0,000000
264 1631383062 1,000000 -1,000000 1,000000 1,000000 0,000000
264 1631383061 1,000000 -1,000000 1,000000 1,000000 0,000000
264 1631383060 1,000000 -1,000000 1,000000 1,000000 0,000000
264 1631383059 1,000000 -1,000000 1,000000 1,000000 0,000000
264 1631383058 1,000000 -1,000000 1,000000 1,000000 0,000000
264 1631383057 1,600000 -1,000000 1,600000 1,600000 0,000000
264 1631383056 1,600000 -1,000000 1,600000 1,600000 0,000000
264 1631383055 1,600000 -1,000000 1,600000 1,600000 0,000000
264 1631383054 1,600000 -1,000000 1,600000 1,600000 0,000000
264 1631383053 1,600000 -1,000000 1,600000 1,600000 0,000000
264 1631383052 2,000000 -1,000000 2,000000 2,000000 0,000000
264 1631383051 2,000000 -1,000000 2,000000 2,000000 0,000000
264 1631383050 2,000000 -1,000000 2,000000 2,000000 0,000000
264 1631383049 2,000000 -1,000000 2,000000 2,000000 0,000000
264 1631383048 2,000000 -1,000000 2,000000 2,000000 0,000000
264 1631383047 2,400000 -1,000000 2,400000 2,400000 0,000000
264 1631383046 2,400000 -1,000000 2,400000 2,400000 0,000000
264 1631383045 2,400000 -1,000000 2,400000 2,400000 0,000000
264 1631383044 2,400000 -1,000000 2,400000 2,400000 0,000000
264 1631383043 2,400000 -1,000000 2,400000 2,400000 0,000000
264 1631383042 1,800000 -1,000000 1,800000 1,800000 0,000000
264 1631383041 1,800000 -1,000000 1,800000 1,800000 0,000000
264 1631383040 1,800000 -1,000000 1,800000 1,800000 0,000000
264 1631383039 1,800000 -1,000000 1,800000 1,800000 0,000000
264 1631383038 1,800000 -1,000000 1,800000 1,800000 0,000000
264 1631383037 1,800000 -1,000000 1,800000 1,800000 0,000000
264 1631383036 1,800000 -1,000000 1,800000 1,800000 0,000000
264 1631383035 1,800000 -1,000000 1,800000 1,800000 0,000000
264 1631383034 1,800000 -1,000000 1,800000 1,800000 0,000000
264 1631383033 1,800000 -1,000000 1,800000 1,800000 0,000000
264 1631383032 1,400000 -1,000000 1,400000 1,400000 0,000000
264 1631383031 1,400000 -1,000000 1,400000 1,400000 0,000000
264 1631383030 1,400000 -1,000000 1,400000 1,400000 0,000000
264 1631383029 1,400000 -1,000000 1,400000 1,400000 0,000000
264 1631383028 1,400000 -1,000000 1,400000 1,400000 0,000000
264 1631383027 1,600000 -1,000000 1,600000 1,600000 0,000000
264 1631383026 1,600000 -1,000000 1,600000 1,600000 0,000000
264 1631383025 1,600000 -1,000000 1,600000 1,600000 0,000000
264 1631383024 1,600000 -1,000000 1,600000 1,600000 0,000000
264 1631383023 1,600000 -1,000000 1,600000 1,600000 0,000000
264 1631383022 1,200000 -1,000000 1,200000 1,200000 0,000000
264 1631383021 1,200000 -1,000000 1,200000 1,200000 0,000000
264 1631383020 1,200000 -1,000000 1,200000 1,200000 0,000000
264 1631383019 1,200000 -1,000000 1,200000 1,200000 0,000000
264 1631383018 1,200000 -1,000000 1,200000 1,200000 0,000000
264 1631383017 1,000000 -1,000000 1,000000 1,000000 0,000000
264 1631383016 1,000000 -1,000000 1,000000 1,000000 0,000000
264 1631383015 1,000000 -1,000000 1,000000 1,000000 0,000000
264 1631383014 1,000000 -1,000000 1,000000 1,000000 0,000000
264 1631383013 1,000000 -1,000000 1,000000 1,000000 0,000000
264 1631383012 0,800000 -1,000000 0,800000 0,800000 0,000000
264 1631383011 0,800000 -1,000000 0,800000 0,800000 0,000000
264 1631383010 0,800000 -1,000000 0,800000 0,800000 0,000000
264 1631383009 0,800000 -1,000000 0,800000 0,800000 0,000000
264 1631383008 0,800000 -1,000000 0,800000 0,800000 0,000000
