229 1631355131 0,000000 0,000000 -101,000000 0,000000 0,000000
229 1631355132 0,000000 0,000000 -101,000000 0,000000 0,000000
229 1631355133 0,000000 0,000000 -101,000000 0,000000 0,000000
229 1631355134 0,000000 0,000000 -101,000000 0,000000 0,000000
229 1631355135 3,000000 0,200000 0,600000 0,600000 -20,200000
229 1631355136 3,000000 0,200000 1,200000 1,200000 -20,200000
229 1631355137 3,000000 0,200000 1,800000 1,800000 -20,200000
229 1631355138 3,000000 0,200000 2,400000 2,400000 -20,200000
229 1631355139 3,000000 0,200000 3,000000 3,000000 -20,200000
229 1631355140 1,500000 0,800000 4,200000 4,200000 -20,200000
229 1631355141 1,500000 0,800000 5,400000 5,400000 -20,200000
229 1631355142 1,500000 0,800000 6,600000 6,600000 -20,200000
229 1631355143 1,500000 0,800000 7,800000 7,800000 -20,200000
229 1631355144 1,500000 0,800000 9,000000 9,000000 -20,200000
229 1631355145 0,500000 1,200000 9,600000 9,600000 -20,200000
229 1631355146 0,500000 1,200000 10,200000 10,200000 -20,200000
229 1631355147 0,500000 1,200000 10,800000 10,800000 -20,200000
229 1631355148 0,500000 1,200000 11,400000 11,400000 -20,200000
229 1631355149 0,500000 1,200000 12,000000 12,000000 -20,200000
229 1631355150 -0,250000 1,600000 11,600000 11,600000 -20,200000
229 1631355151 -0,250000 1,600000 11,200000 11,200000 -20,200000
229 1631355152 -0,250000 1,600000 10,800000 10,800000 -20,200000
229 1631355153 -0,250000 1,600000 10,400000 10,400000 -20,200000
229 1631355154 -0,250000 1,600000 10,000000 10,000000 -20,200000
229 1631355155 0,300000 2,000000 10,600000 10,600000 -20,200000
229 1631355156 0,300000 2,000000 11,200000 11,200000 -20,200000
229 1631355157 0,300000 2,000000 11,800000 11,800000 -20,200000
229 1631355158 0,300000 2,000000 12,400000 12,400000 -20,200000
229 1631355159 0,300000 2,000000 13,000000 13,000000 -20,200000
229 1631355160 0,117647 3,400000 13,400000 13,400000 -20,200000
229 1631355161 0,117647 3,400000 13,800000 13,800000 -20,200000
229 1631355162 0,117647 3,400000 14,200000 14,200000 -20,200000
229 1631355163 0,117647 3,400000 14,600000 14,600000 -20,200000
229 1631355164 0,117647 3,400000 15,000000 15,000000 -20,200000
229 1631355165 0,473684 3,800000 16,800000 16,800000 -20,200000
229 1631355166 0,473684 3,800000 18,600000 18,600000 -20,200000
229 1631355167 0,473684 3,800000 20,400000 20,400000 -20,200000
229 1631355168 0,473684 3,800000 22,200000 22,200000 -20,200000
229 1631355169 0,473684 3,800000 24,000000 24,000000 -20,200000
229 1631355170 -0,090909 4,400000 23,600000 23,600000 -20,200000
229 1631355171 -0,090909 4,400000 23,200000 23,200000 -20,200000
229 1631355172 -0,090909 4,400000 22,800000 22,800000 -20,200000
229 1631355173 -0,090909 4,400000 22,400000 22,400000 -20,200000
229 1631355174 -0,090909 4,400000 22,000000 22,000000 -20,200000
229 1631355175 -0,038462 5,200000 21,800000 21,800000 -20,200000
229 1631355176 -0,038462 5,200000 21,600000 21,600000 -20,200000
229 1631355177 -0,038462 5,200000 21,400000 21,400000 -20,200000
229 1631355178 -0,038462 5,200000 21,200000 21,200000 -20,200000
229 1631355179 -0,038462 5,200000 21,000000 21,000000 -20,200000
229 1631355180 0,161290 6,200000 22,000000 22,000000 -20,200000
229 1631355181 0,161290 6,200000 23,000000 23,000000 -20,200000
229 1631355182 0,161290 6,200000 24,000000 24,000000 -20,200000
229 1631355183 0,161290 6,200000 25,000000 25,000000 -20,200000
229 1631355184 0,161290 6,200000 26,000000 26,000000 -20,200000
229 1631355185 0,135135 7,400000 27,000000 27,000000 -20,200000
229 1631355186 0,135135 7,400000 28,000000 28,000000 -20,200000
229 1631355187 0,135135 7,400000 29,000000 29,000000 -20,200000
229 1631355188 0,135135 7,400000 30,000000 30,000000 -20,200000
229 1631355189 0,135135 7,400000 31,000000 31,000000 -20,200000
229 1631355190 -0,179487 7,800000 29,600000 29,600000 -20,200000
229 1631355191 -0,179487 7,800000 28,200000 28,200000 -20,200000
229 1631355192 -0,179487 7,800000 26,800000 26,800000 -20,200000
229 1631355193 -0,179487 7,800000 25,400000 25,400000 -20,200000
229 1631355194 -0,179487 7,800000 24,000000 24,000000 -20,200000
229 1631355195 -0,048780 8,200000 23,600000 23,600000 -20,200000
229 1631355196 -0,048780 8,200000 23,200000 23,200000 -20,200000
229 1631355197 -0,048780 8,200000 22,800000 22,800000 -20,200000
229 1631355198 -0,048780 8,200000 22,400000 22,400000 -20,200000
229 1631355199 -0,048780 8,200000 22,000000 22,000000 -20,200000
229 1631355200 0,045455 8,800000 22,400000 22,400000 -20,200000
229 1631355201 0,045455 8,800000 22,800000 22,800000 -20,200000
229 1631355202 0,045455 8,800000 23,200000 23,200000 -20,200000
229 1631355203 0,045455 8,800000 23,600000 23,600000 -20,200000
229 1631355204 0,045455 8,800000 24,000000 24,000000 -20,200000
229 1631355205 0,152174 9,200000 25,400000 25,400000 -20,200000
229 1631355206 0,152174 9,200000 26,800000 26,800000 -20,200000
229 1631355207 0,152174 9,200000 28,200000 28,200000 -20,200000
229 1631355208 0,152174 9,200000 29,600000 29,600000 -20,200000
229 1631355209 0,152174 9,200000 31,000000 31,000000 -20,200000
229 1631355210 -0,145833 9,600000 29,600000 29,600000 -20,200000
229 1631355211 -0,145833 9,600000 28,200000 28,200000 -20,200000
229 1631355212 -0,145833 9,600000 26,800000 26,800000 -20,200000
229 1631355213 -0,145833 9,600000 25,400000 25,400000 -20,200000
229 1631355214 -0,145833 9,600000 24,000000 24,000000 -20,200000
229 1631355215 0,019608 10,200000 24,200000 24,200000 -20,200000
229 1631355216 0,019608 10,200000 24,400000 24,400000 -20,200000
229 1631355217 0,019608 10,200000 24,600000 24,600000 -20,200000
229 1631355218 0,019608 10,200000 24,800000 24,800000 -20,200000
229 1631355219 0,019608 10,200000 25,000000 25,000000 -20,200000
229 1631355220 0,000000 11,200000 25,000000 25,000000 -20,200000
229 1631355221 0,000000 11,200000 25,000000 25,000000 -20,200000
229 1631355222 0,000000 11,200000 25,000000 25,000000 -20,200000
229 1631355223 0,000000 11,200000 25,000000 25,000000 -20,200000
229 1631355224 0,000000 11,200000 25,000000 25,000000 -20,200000
229 1631355225 0,118644 11,800000 26,400000 26,400000 -20,200000
229 1631355226 0,118644 11,800000 27,800000 27,800000 -20,200000
229 1631355227 0,118644 11,800000 29,200000 29,200000 -20,200000
229 1631355228 0,118644 11,800000 30,600000 30,600000 -20,200000
229 1631355229 0,118644 11,800000 32,000000 32,000000 -20,200000
229 1631355230 -0,126984 12,600000 30,400000 30,400000 -20,200000
229 1631355231 -0,126984 12,600000 28,800000 28,800000 -20,200000
229 1631355232 -0,126984 12,600000 27,200000 27,200000 -20,200000
229 1631355233 -0,126984 12,600000 25,600000 25,600000 -20,200000
229 1631355234 -0,126984 12,600000 24,000000 24,000000 -20,200000
229 1631355235 -0,030769 13,000000 23,600000 23,600000 -20,200000
229 1631355236 -0,030769 13,000000 23,200000 23,200000 -20,200000
229 1631355237 -0,030769 13,000000 22,800000 22,800000 -20,200000
229 1631355238 -0,030769 13,000000 22,400000 22,400000 -20,200000
229 1631355239 -0,030769 13,000000 22,000000 22,000000 -20,200000
229 1631355240 0,029412 13,600000 22,400000 22,400000 -20,200000
229 1631355241 0,029412 13,600000 22,800000 22,800000 -20,200000
229 1631355242 0,029412 13,600000 23,200000 23,200000 -20,200000
229 1631355243 0,029412 13,600000 23,600000 23,600000 -20,200000
229 1631355244 0,029412 13,600000 24,000000 24,000000 -20,200000
229 1631355245 0,152778 14,400000 26,200000 26,200000 -20,200000
229 1631355246 0,152778 14,400000 28,400000 28,400000 -20,200000
229 1631355247 0,152778 14,400000 30,600000 30,600000 -20,200000
229 1631355248 0,152778 14,400000 32,800000 32,800000 -20,200000
229 1631355249 0,152778 14,400000 35,000000 35,000000 -20,200000
229 1631355250 -0,131579 15,200000 33,000000 33,000000 -20,200000
229 1631355251 -0,131579 15,200000 31,000000 31,000000 -20,200000
229 1631355252 -0,131579 15,200000 29,000000 29,000000 -20,200000
229 1631355253 -0,131579 15,200000 27,000000 27,000000 -20,200000
229 1631355254 -0,131579 15,200000 25,000000 25,000000 -20,200000
229 1631355255 0,012658 15,800000 25,200000 25,200000 -20,200000
229 1631355256 0,012658 15,800000 25,400000 25,400000 -20,200000
229 1631355257 0,012658 15,800000 25,600000 25,600000 -20,200000
229 1631355258 0,012658 15,800000 25,800000 25,800000 -20,200000
229 1631355259 0,012658 15,800000 26,000000 26,000000 -20,200000
229 1631355260 -0,024096 16,600000 25,600000 25,600000 -20,200000
229 1631355261 -0,024096 16,600000 25,200000 25,200000 -20,200000
229 1631355262 -0,024096 16,600000 24,800000 24,800000 -20,200000
229 1631355263 -0,024096 16,600000 24,400000 24,400000 -20,200000
229 1631355264 -0,024096 16,600000 24,000000 24,000000 -20,200000
229 1631355265 0,082353 17,000000 25,400000 25,400000 -20,200000
229 1631355266 0,082353 17,000000 26,800000 26,800000 -20,200000
229 1631355267 0,082353 17,000000 28,200000 28,200000 -20,200000
229 1631355268 0,082353 17,000000 29,600000 29,600000 -20,200000
229 1631355269 0,082353 17,000000 31,000000 31,000000 -20,200000
229 1631355270 -0,080460 17,400000 29,600000 29,600000 -20,200000
229 1631355271 -0,080460 17,400000 28,200000 28,200000 -20,200000
229 1631355272 -0,080460 17,400000 26,800000 26,800000 -20,200000
229 1631355273 -0,080460 17,400000 25,400000 25,400000 -20,200000
229 1631355274 -0,080460 17,400000 24,000000 24,000000 -20,200000
229 1631355275 -0,022472 17,800000 23,600000 23,600000 -20,200000
229 1631355276 -0,022472 17,800000 23,200000 23,200000 -20,200000
229 1631355277 -0,022472 17,800000 22,800000 22,800000 -20,200000
229 1631355278 -0,022472 17,800000 22,400000 22,400000 -20,200000
229 1631355279 -0,022472 17,800000 22,000000 22,000000 -20,200000
229 1631355280 0,021739 18,400000 22,400000 22,400000 -20,200000
229 1631355281 0,021739 18,400000 22,800000 22,800000 -20,200000
229 1631355282 0,021739 18,400000 23,200000 23,200000 -20,200000
229 1631355283 0,021739 18,400000 23,600000 23,600000 -20,200000
229 1631355284 0,021739 18,400000 24,000000 24,000000 -20,200000
229 1631355285 0,074468 18,800000 25,400000 25,400000 -20,200000
229 1631355286 0,074468 18,800000 26,800000 26,800000 -20,200000
229 1631355287 0,074468 18,800000 28,200000 28,200000 -20,200000
229 1631355288 0,074468 18,800000 29,600000 29,600000 -20,200000
229 1631355289 0,074468 18,800000 31,000000 31,000000 -20,200000
229 1631355290 -0,030928 19,400000 30,400000 30,400000 -20,200000
229 1631355291 -0,030928 19,400000 29,800000 29,800000 -20,200000
229 1631355292 -0,030928 19,400000 29,200000 29,200000 -20,200000
229 1631355293 -0,030928 19,400000 28,600000 28,600000 -20,200000
229 1631355294 -0,030928 19,400000 28,000000 28,000000 -20,200000
229 1631355295 -0,039604 20,200000 27,200000 27,200000 -20,200000
229 1631355296 -0,039604 20,200000 26,400000 26,400000 -20,200000
229 1631355297 -0,039604 20,200000 25,600000 25,600000 -20,200000
229 1631355298 -0,039604 20,200000 24,800000 24,800000 -20,200000
229 1631355299 -0,039604 20,200000 24,000000 24,000000 -20,200000
229 1631355300 0,009524 21,000000 24,200000 24,200000 -20,200000
229 1631355301 0,009524 21,000000 24,400000 24,400000 -20,200000
229 1631355302 0,009524 21,000000 24,600000 24,600000 -20,200000
229 1631355303 0,009524 21,000000 24,800000 24,800000 -20,200000
229 1631355304 0,009524 21,000000 25,000000 25,000000 -20,200000
229 1631355305 0,055046 21,800000 26,200000 26,200000 -20,200000
229 1631355306 0,055046 21,800000 27,400000 27,400000 -20,200000
229 1631355307 0,055046 21,800000 28,600000 28,600000 -20,200000
229 1631355308 0,055046 21,800000 29,800000 29,800000 -20,200000
229 1631355309 0,055046 21,800000 31,000000 31,000000 -20,200000
229 1631355310 -0,063063 22,200000 29,600000 29,600000 -20,200000
229 1631355311 -0,063063 22,200000 28,200000 28,200000 -20,200000
229 1631355312 -0,063063 22,200000 26,800000 26,800000 -20,200000
229 1631355313 -0,063063 22,200000 25,400000 25,400000 -20,200000
229 1631355314 -0,063063 22,200000 24,000000 24,000000 -20,200000
229 1631355315 -0,017544 22,800000 23,600000 23,600000 -20,200000
229 1631355316 -0,017544 22,800000 23,200000 23,200000 -20,200000
229 1631355317 -0,017544 22,800000 22,800000 22,800000 -20,200000
229 1631355318 -0,017544 22,800000 22,400000 22,400000 -20,200000
229 1631355319 -0,017544 22,800000 22,000000 22,000000 -20,200000
229 1631355320 0,033058 24,200000 22,800000 22,800000 -20,200000
229 1631355321 0,033058 24,200000 23,600000 23,600000 -20,200000
229 1631355322 0,033058 24,200000 24,400000 24,400000 -20,200000
229 1631355323 0,033058 24,200000 25,200000 25,200000 -20,200000
229 1631355324 0,033058 24,200000 26,000000 26,000000 -20,200000
229 1631355325 0,040000 25,000000 27,000000 27,000000 -20,200000
229 1631355326 0,040000 25,000000 28,000000 28,000000 -20,200000
229 1631355327 0,040000 25,000000 29,000000 29,000000 -20,200000
229 1631355328 0,040000 25,000000 30,000000 30,000000 -20,200000
229 1631355329 0,040000 25,000000 31,000000 31,000000 -20,200000
229 1631355330 -0,062016 25,800000 29,400000 29,400000 -20,200000
229 1631355331 -0,062016 25,800000 27,800000 27,800000 -20,200000
229 1631355332 -0,062016 25,800000 26,200000 26,200000 -20,200000
229 1631355333 -0,062016 25,800000 24,600000 24,600000 -20,200000
229 1631355334 -0,062016 25,800000 23,000000 23,000000 -20,200000
229 1631355335 -0,015267 26,200000 22,600000 22,600000 -20,200000
229 1631355336 -0,015267 26,200000 22,200000 22,200000 -20,200000
229 1631355337 -0,015267 26,200000 21,800000 21,800000 -20,200000
229 1631355338 -0,015267 26,200000 21,400000 21,400000 -20,200000
229 1631355339 -0,015267 26,200000 21,000000 21,000000 -20,200000
229 1631355340 0,007353 27,200000 21,200000 21,200000 -20,200000
229 1631355341 0,007353 27,200000 21,400000 21,400000 -20,200000
229 1631355342 0,007353 27,200000 21,600000 21,600000 -20,200000
229 1631355343 0,007353 27,200000 21,800000 21,800000 -20,200000
229 1631355344 0,007353 27,200000 22,000000 22,000000 -20,200000
229 1631355345 0,036232 27,600000 23,000000 23,000000 -20,200000
229 1631355346 0,036232 27,600000 24,000000 24,000000 -20,200000
229 1631355347 0,036232 27,600000 25,000000 25,000000 -20,200000
229 1631355348 0,036232 27,600000 26,000000 26,000000 -20,200000
229 1631355349 0,036232 27,600000 27,000000 27,000000 -20,200000
229 1631355350 -0,014286 28,000000 26,600000 26,600000 -20,200000
229 1631355351 -0,014286 28,000000 26,200000 26,200000 -20,200000
229 1631355352 -0,014286 28,000000 25,800000 25,800000 -20,200000
229 1631355353 -0,014286 28,000000 25,400000 25,400000 -20,200000
229 1631355354 -0,014286 28,000000 25,000000 25,000000 -20,200000
229 1631355355 -0,014184 28,200000 24,600000 24,600000 -20,200000
229 1631355356 -0,014184 28,200000 24,200000 24,200000 -20,200000
229 1631355357 -0,014184 28,200000 23,800000 23,800000 -20,200000
229 1631355358 -0,014184 28,200000 23,400000 23,400000 -20,200000
229 1631355359 -0,014184 28,200000 23,000000 23,000000 -20,200000
229 1631355360 0,000000 29,200000 23,000000 23,000000 -20,200000
229 1631355361 0,000000 29,200000 23,000000 23,000000 -20,200000
229 1631355362 0,000000 29,200000 23,000000 23,000000 -20,200000
229 1631355363 0,000000 29,200000 23,000000 23,000000 -20,200000
229 1631355364 0,000000 29,200000 23,000000 23,000000 -20,200000
229 1631355365 0,039735 30,200000 24,200000 24,200000 -20,200000
229 1631355366 0,039735 30,200000 25,400000 25,400000 -20,200000
229 1631355367 0,039735 30,200000 26,600000 26,600000 -20,200000
229 1631355368 0,039735 30,200000 27,800000 27,800000 -20,200000
229 1631355369 0,039735 30,200000 29,000000 29,000000 -20,200000
229 1631355370 -0,019355 31,000000 28,400000 28,400000 -20,200000
229 1631355371 -0,019355 31,000000 27,800000 27,800000 -20,200000
229 1631355372 -0,019355 31,000000 27,200000 27,200000 -20,200000
229 1631355373 -0,019355 31,000000 26,600000 26,600000 -20,200000
229 1631355374 -0,019355 31,000000 26,000000 26,000000 -20,200000
229 1631355375 -0,012739 31,400000 25,600000 25,600000 -20,200000
229 1631355376 -0,012739 31,400000 25,200000 25,200000 -20,200000
229 1631355377 -0,012739 31,400000 24,800000 24,800000 -20,200000
229 1631355378 -0,012739 31,400000 24,400000 24,400000 -20,200000
229 1631355379 -0,012739 31,400000 24,000000 24,000000 -20,200000
229 1631355380 -0,012270 32,600000 23,600000 23,600000 -20,200000
229 1631355381 -0,012270 32,600000 23,200000 23,200000 -20,200000
229 1631355382 -0,012270 32,600000 22,800000 22,800000 -20,200000
229 1631355383 -0,012270 32,600000 22,400000 22,400000 -20,200000
229 1631355384 -0,012270 32,600000 22,000000 22,000000 -20,200000
229 1631355385 0,030303 33,000000 23,000000 23,000000 -20,200000
229 1631355386 0,030303 33,000000 24,000000 24,000000 -20,200000
229 1631355387 0,030303 33,000000 25,000000 25,000000 -20,200000
229 1631355388 0,030303 33,000000 26,000000 26,000000 -20,200000
229 1631355389 0,030303 33,000000 27,000000 27,000000 -20,200000
229 1631355390 -0,011976 33,400000 26,600000 26,600000 -20,200000
229 1631355391 -0,011976 33,400000 26,200000 26,200000 -20,200000
229 1631355392 -0,011976 33,400000 25,800000 25,800000 -20,200000
229 1631355393 -0,011976 33,400000 25,400000 25,400000 -20,200000
229 1631355394 -0,011976 33,400000 25,000000 25,000000 -20,200000
229 1631355395 0,011765 34,000000 25,400000 25,400000 -20,200000
229 1631355396 0,011765 34,000000 25,800000 25,800000 -20,200000
229 1631355397 0,011765 34,000000 26,200000 26,200000 -20,200000
229 1631355398 0,011765 34,000000 26,600000 26,600000 -20,200000
229 1631355399 0,011765 34,000000 27,000000 27,000000 -20,200000
229 1631355400 -0,022727 35,200000 26,200000 26,200000 -20,200000
229 1631355401 -0,022727 35,200000 25,400000 25,400000 -20,200000
229 1631355402 -0,022727 35,200000 24,600000 24,600000 -20,200000
229 1631355403 -0,022727 35,200000 23,800000 23,800000 -20,200000
229 1631355404 -0,022727 35,200000 23,000000 23,000000 -20,200000
229 1631355405 0,022222 36,000000 23,800000 23,800000 -20,200000
229 1631355406 0,022222 36,000000 24,600000 24,600000 -20,200000
229 1631355407 0,022222 36,000000 25,400000 25,400000 -20,200000
229 1631355408 0,022222 36,000000 26,200000 26,200000 -20,200000
229 1631355409 0,022222 36,000000 27,000000 27,000000 -20,200000
229 1631355410 -0,016484 36,400000 26,400000 26,400000 -20,200000
229 1631355411 -0,016484 36,400000 25,800000 25,800000 -20,200000
229 1631355412 -0,016484 36,400000 25,200000 25,200000 -20,200000
229 1631355413 -0,016484 36,400000 24,600000 24,600000 -20,200000
229 1631355414 -0,016484 36,400000 24,000000 24,000000 -20,200000
229 1631355415 -0,005464 36,600000 23,800000 23,800000 -20,200000
229 1631355416 -0,005464 36,600000 23,600000 23,600000 -20,200000
229 1631355417 -0,005464 36,600000 23,400000 23,400000 -20,200000
229 1631355418 -0,005464 36,600000 23,200000 23,200000 -20,200000
229 1631355419 -0,005464 36,600000 23,000000 23,000000 -20,200000
229 1631355420 -0,005348 37,400000 22,800000 22,800000 -20,200000
229 1631355421 -0,005348 37,400000 22,600000 22,600000 -20,200000
229 1631355422 -0,005348 37,400000 22,400000 22,400000 -20,200000
229 1631355423 -0,005348 37,400000 22,200000 22,200000 -20,200000
229 1631355424 -0,005348 37,400000 22,000000 22,000000 -20,200000
229 1631355425 0,026455 37,800000 23,000000 23,000000 -20,200000
229 1631355426 0,026455 37,800000 24,000000 24,000000 -20,200000
229 1631355427 0,026455 37,800000 25,000000 25,000000 -20,200000
229 1631355428 0,026455 37,800000 26,000000 26,000000 -20,200000
229 1631355429 0,026455 37,800000 27,000000 27,000000 -20,200000
229 1631355430 -0,010471 38,200000 26,600000 26,600000 -20,200000
229 1631355431 -0,010471 38,200000 26,200000 26,200000 -20,200000
229 1631355432 -0,010471 38,200000 25,800000 25,800000 -20,200000
229 1631355433 -0,010471 38,200000 25,400000 25,400000 -20,200000
229 1631355434 -0,010471 38,200000 25,000000 25,000000 -20,200000
229 1631355435 -0,010417 38,400000 24,600000 24,600000 -20,200000
229 1631355436 -0,010417 38,400000 24,200000 24,200000 -20,200000
229 1631355437 -0,010417 38,400000 23,800000 23,800000 -20,200000
229 1631355438 -0,010417 38,400000 23,400000 23,400000 -20,200000
229 1631355439 -0,010417 38,400000 23,000000 23,000000 -20,200000
229 1631355440 0,010152 39,400000 23,400000 23,400000 -20,200000
229 1631355441 0,010152 39,400000 23,800000 23,800000 -20,200000
229 1631355442 0,010152 39,400000 24,200000 24,200000 -20,200000
229 1631355443 0,010152 39,400000 24,600000 24,600000 -20,200000
229 1631355444 0,010152 39,400000 25,000000 25,000000 -20,200000
229 1631355445 0,014925 40,200000 25,600000 25,600000 -20,200000
229 1631355446 0,014925 40,200000 26,200000 26,200000 -20,200000
229 1631355447 0,014925 40,200000 26,800000 26,800000 -20,200000
229 1631355448 0,014925 40,200000 27,400000 27,400000 -20,200000
229 1631355449 0,014925 40,200000 28,000000 28,000000 -20,200000
229 1631355450 -0,004902 40,800000 27,800000 27,800000 -20,200000
229 1631355451 -0,004902 40,800000 27,600000 27,600000 -20,200000
229 1631355452 -0,004902 40,800000 27,400000 27,400000 -20,200000
229 1631355453 -0,004902 40,800000 27,200000 27,200000 -20,200000
229 1631355454 -0,004902 40,800000 27,000000 27,000000 -20,200000
229 1631355455 -0,014493 41,400000 26,400000 26,400000 -20,200000
229 1631355456 -0,014493 41,400000 25,800000 25,800000 -20,200000
229 1631355457 -0,014493 41,400000 25,200000 25,200000 -20,200000
229 1631355458 -0,014493 41,400000 24,600000 24,600000 -20,200000
229 1631355459 -0,014493 41,400000 24,000000 24,000000 -20,200000
229 1631355460 -0,009479 42,200000 23,600000 23,600000 -20,200000
229 1631355461 -0,009479 42,200000 23,200000 23,200000 -20,200000
229 1631355462 -0,009479 42,200000 22,800000 22,800000 -20,200000
229 1631355463 -0,009479 42,200000 22,400000 22,400000 -20,200000
229 1631355464 -0,009479 42,200000 22,000000 22,000000 -20,200000
229 1631355465 0,023474 42,600000 23,000000 23,000000 -20,200000
229 1631355466 0,023474 42,600000 24,000000 24,000000 -20,200000
229 1631355467 0,023474 42,600000 25,000000 25,000000 -20,200000
229 1631355468 0,023474 42,600000 26,000000 26,000000 -20,200000
229 1631355469 0,023474 42,600000 27,000000 27,000000 -20,200000
229 1631355470 0,009217 43,400000 27,400000 27,400000 -20,200000
229 1631355471 0,009217 43,400000 27,800000 27,800000 -20,200000
229 1631355472 0,009217 43,400000 28,200000 28,200000 -20,200000
229 1631355473 0,009217 43,400000 28,600000 28,600000 -20,200000
229 1631355474 0,009217 43,400000 29,000000 29,000000 -20,200000
229 1631355475 -0,018182 44,000000 28,200000 28,200000 -20,200000
229 1631355476 -0,018182 44,000000 27,400000 27,400000 -20,200000
229 1631355477 -0,018182 44,000000 26,600000 26,600000 -20,200000
229 1631355478 -0,018182 44,000000 25,800000 25,800000 -20,200000
229 1631355479 -0,018182 44,000000 25,000000 25,000000 -20,200000
229 1631355480 -0,013274 45,200000 24,400000 24,400000 -20,200000
229 1631355481 -0,013274 45,200000 23,800000 23,800000 -20,200000
229 1631355482 -0,013274 45,200000 23,200000 23,200000 -20,200000
229 1631355483 -0,013274 45,200000 22,600000 22,600000 -20,200000
229 1631355484 -0,013274 45,200000 22,000000 22,000000 -20,200000
229 1631355485 0,021930 45,600000 23,000000 23,000000 -20,200000
229 1631355486 0,021930 45,600000 24,000000 24,000000 -20,200000
229 1631355487 0,021930 45,600000 25,000000 25,000000 -20,200000
229 1631355488 0,021930 45,600000 26,000000 26,000000 -20,200000
229 1631355489 0,021930 45,600000 27,000000 27,000000 -20,200000
229 1631355490 -0,008696 46,000000 26,600000 26,600000 -20,200000
229 1631355491 -0,008696 46,000000 26,200000 26,200000 -20,200000
229 1631355492 -0,008696 46,000000 25,800000 25,800000 -20,200000
229 1631355493 -0,008696 46,000000 25,400000 25,400000 -20,200000
229 1631355494 -0,008696 46,000000 25,000000 25,000000 -20,200000
229 1631355495 -0,004310 46,400000 24,800000 24,800000 -20,200000
229 1631355496 -0,004310 46,400000 24,600000 24,600000 -20,200000
229 1631355497 -0,004310 46,400000 24,400000 24,400000 -20,200000
229 1631355498 -0,004310 46,400000 24,200000 24,200000 -20,200000
229 1631355499 -0,004310 46,400000 24,000000 24,000000 -20,200000
229 1631355500 -0,008403 47,600000 23,600000 23,600000 -20,200000
229 1631355501 -0,008403 47,600000 23,200000 23,200000 -20,200000
229 1631355502 -0,008403 47,600000 22,800000 22,800000 -20,200000
229 1631355503 -0,008403 47,600000 22,400000 22,400000 -20,200000
229 1631355504 -0,008403 47,600000 22,000000 22,000000 -20,200000
229 1631355505 0,020833 48,000000 23,000000 23,000000 -20,200000
229 1631355506 0,020833 48,000000 24,000000 24,000000 -20,200000
229 1631355507 0,020833 48,000000 25,000000 25,000000 -20,200000
229 1631355508 0,020833 48,000000 26,000000 26,000000 -20,200000
229 1631355509 0,020833 48,000000 27,000000 27,000000 -20,200000
229 1631355510 -0,004132 48,400000 26,800000 26,800000 -20,200000
229 1631355511 -0,004132 48,400000 26,600000 26,600000 -20,200000
229 1631355512 -0,004132 48,400000 26,400000 26,400000 -20,200000
229 1631355513 -0,004132 48,400000 26,200000 26,200000 -20,200000
229 1631355514 -0,004132 48,400000 26,000000 26,000000 -20,200000
229 1631355515 0,008163 49,000000 26,400000 26,400000 -20,200000
229 1631355516 0,008163 49,000000 26,800000 26,800000 -20,200000
229 1631355517 0,008163 49,000000 27,200000 27,200000 -20,200000
229 1631355518 0,008163 49,000000 27,600000 27,600000 -20,200000
229 1631355519 0,008163 49,000000 28,000000 28,000000 -20,200000
229 1631355520 -0,019763 50,600000 27,000000 27,000000 -20,200000
229 1631355521 -0,019763 50,600000 26,000000 26,000000 -20,200000
229 1631355522 -0,019763 50,600000 25,000000 25,000000 -20,200000
229 1631355523 -0,019763 50,600000 24,000000 24,000000 -20,200000
229 1631355524 -0,019763 50,600000 23,000000 23,000000 -20,200000
229 1631355525 0,019531 51,200000 24,000000 24,000000 -20,200000
229 1631355526 0,019531 51,200000 25,000000 25,000000 -20,200000
229 1631355527 0,019531 51,200000 26,000000 26,000000 -20,200000
229 1631355528 0,019531 51,200000 27,000000 27,000000 -20,200000
229 1631355529 0,019531 51,200000 28,000000 28,000000 -20,200000
229 1631355530 -0,011538 52,000000 27,400000 27,400000 -20,200000
229 1631355531 -0,011538 52,000000 26,800000 26,800000 -20,200000
229 1631355532 -0,011538 52,000000 26,200000 26,200000 -20,200000
229 1631355533 -0,011538 52,000000 25,600000 25,600000 -20,200000
229 1631355534 -0,011538 52,000000 25,000000 25,000000 -20,200000
229 1631355535 -0,007663 52,200000 24,600000 24,600000 -20,200000
229 1631355536 -0,007663 52,200000 24,200000 24,200000 -20,200000
229 1631355537 -0,007663 52,200000 23,800000 23,800000 -20,200000
229 1631355538 -0,007663 52,200000 23,400000 23,400000 -20,200000
229 1631355539 -0,007663 52,200000 23,000000 23,000000 -20,200000
229 1631355540 0,000000 53,200000 23,000000 23,000000 -20,200000
229 1631355541 0,000000 53,200000 23,000000 23,000000 -20,200000
229 1631355542 0,000000 53,200000 23,000000 23,000000 -20,200000
229 1631355543 0,000000 53,200000 23,000000 23,000000 -20,200000
229 1631355544 0,000000 53,200000 23,000000 23,000000 -20,200000
229 1631355545 0,029412 54,400000 24,600000 24,600000 -20,200000
229 1631355546 0,029412 54,400000 26,200000 26,200000 -20,200000
229 1631355547 0,029412 54,400000 27,800000 27,800000 -20,200000
229 1631355548 0,029412 54,400000 29,400000 29,400000 -20,200000
229 1631355549 0,029412 54,400000 31,000000 31,000000 -20,200000
229 1631355550 -0,018116 55,200000 30,000000 30,000000 -20,200000
229 1631355551 -0,018116 55,200000 29,000000 29,000000 -20,200000
229 1631355552 -0,018116 55,200000 28,000000 28,000000 -20,200000
229 1631355553 -0,018116 55,200000 27,000000 27,000000 -20,200000
229 1631355554 -0,018116 55,200000 26,000000 26,000000 -20,200000
229 1631355555 -0,010753 55,800000 25,400000 25,400000 -20,200000
229 1631355556 -0,010753 55,800000 24,800000 24,800000 -20,200000
229 1631355557 -0,010753 55,800000 24,200000 24,200000 -20,200000
229 1631355558 -0,010753 55,800000 23,600000 23,600000 -20,200000
229 1631355559 -0,010753 55,800000 23,000000 23,000000 -20,200000
229 1631355560 0,003559 56,200000 23,200000 23,200000 -20,200000
229 1631355561 0,003559 56,200000 23,400000 23,400000 -20,200000
229 1631355562 0,003559 56,200000 23,600000 23,600000 -20,200000
229 1631355563 0,003559 56,200000 23,800000 23,800000 -20,200000
229 1631355564 0,003559 56,200000 24,000000 24,000000 -20,200000
229 1631355565 0,007042 56,800000 24,400000 24,400000 -20,200000
229 1631355566 0,007042 56,800000 24,800000 24,800000 -20,200000
229 1631355567 0,007042 56,800000 25,200000 25,200000 -20,200000
229 1631355568 0,007042 56,800000 25,600000 25,600000 -20,200000
229 1631355569 0,007042 56,800000 26,000000 26,000000 -20,200000
229 1631355570 -0,013986 57,200000 25,200000 25,200000 -20,200000
229 1631355571 -0,013986 57,200000 24,400000 24,400000 -20,200000
229 1631355572 -0,013986 57,200000 23,600000 23,600000 -20,200000
229 1631355573 -0,013986 57,200000 22,800000 22,800000 -20,200000
229 1631355574 -0,013986 57,200000 22,000000 22,000000 -20,200000
229 1631355575 0,010453 57,400000 22,600000 22,600000 -20,200000
229 1631355576 0,010453 57,400000 23,200000 23,200000 -20,200000
229 1631355577 0,010453 57,400000 23,800000 23,800000 -20,200000
229 1631355578 0,010453 57,400000 24,400000 24,400000 -20,200000
229 1631355579 0,010453 57,400000 25,000000 25,000000 -20,200000
229 1631355580 -0,003448 58,000000 24,800000 24,800000 -20,200000
229 1631355581 -0,003448 58,000000 24,600000 24,600000 -20,200000
229 1631355582 -0,003448 58,000000 24,400000 24,400000 -20,200000
229 1631355583 -0,003448 58,000000 24,200000 24,200000 -20,200000
229 1631355584 -0,003448 58,000000 24,000000 24,000000 -20,200000
229 1631355585 0,006826 58,600000 24,400000 24,400000 -20,200000
229 1631355586 0,006826 58,600000 24,800000 24,800000 -20,200000
229 1631355587 0,006826 58,600000 25,200000 25,200000 -20,200000
229 1631355588 0,006826 58,600000 25,600000 25,600000 -20,200000
229 1631355589 0,006826 58,600000 26,000000 26,000000 -20,200000
229 1631355590 0,016892 59,200000 27,000000 27,000000 -20,200000
229 1631355591 0,016892 59,200000 28,000000 28,000000 -20,200000
229 1631355592 0,016892 59,200000 29,000000 29,000000 -20,200000
229 1631355593 0,016892 59,200000 30,000000 30,000000 -20,200000
229 1631355594 0,016892 59,200000 31,000000 31,000000 -20,200000
229 1631355595 -0,016667 60,000000 30,000000 30,000000 -20,200000
229 1631355596 -0,016667 60,000000 29,000000 29,000000 -20,200000
229 1631355597 -0,016667 60,000000 28,000000 28,000000 -20,200000
229 1631355598 -0,016667 60,000000 27,000000 27,000000 -20,200000
229 1631355599 -0,016667 60,000000 26,000000 26,000000 -20,200000
229 1631355600 0,006579 60,800000 26,400000 26,400000 -20,200000
229 1631355601 0,006579 60,800000 26,800000 26,800000 -20,200000
229 1631355602 0,006579 60,800000 27,200000 27,200000 -20,200000
229 1631355603 0,006579 60,800000 27,600000 27,600000 -20,200000
229 1631355604 0,006579 60,800000 28,000000 28,000000 -20,200000
229 1631355605 -0,006494 61,600000 27,600000 27,600000 -20,200000
229 1631355606 -0,006494 61,600000 27,200000 27,200000 -20,200000
229 1631355607 -0,006494 61,600000 26,800000 26,800000 -20,200000
229 1631355608 -0,006494 61,600000 26,400000 26,400000 -20,200000
229 1631355609 -0,006494 61,600000 26,000000 26,000000 -20,200000
229 1631355610 -0,012903 62,000000 25,200000 25,200000 -20,200000
229 1631355611 -0,012903 62,000000 24,400000 24,400000 -20,200000
229 1631355612 -0,012903 62,000000 23,600000 23,600000 -20,200000
229 1631355613 -0,012903 62,000000 22,800000 22,800000 -20,200000
229 1631355614 -0,012903 62,000000 22,000000 22,000000 -20,200000
229 1631355615 0,012821 62,400000 22,800000 22,800000 -20,200000
229 1631355616 0,012821 62,400000 23,600000 23,600000 -20,200000
229 1631355617 0,012821 62,400000 24,400000 24,400000 -20,200000
229 1631355618 0,012821 62,400000 25,200000 25,200000 -20,200000
229 1631355619 0,012821 62,400000 26,000000 26,000000 -20,200000
229 1631355620 0,006309 63,400000 26,400000 26,400000 -20,200000
229 1631355621 0,006309 63,400000 26,800000 26,800000 -20,200000
229 1631355622 0,006309 63,400000 27,200000 27,200000 -20,200000
229 1631355623 0,006309 63,400000 27,600000 27,600000 -20,200000
229 1631355624 0,006309 63,400000 28,000000 28,000000 -20,200000
229 1631355625 0,006211 64,400000 28,400000 28,400000 -20,200000
229 1631355626 0,006211 64,400000 28,800000 28,800000 -20,200000
229 1631355627 0,006211 64,400000 29,200000 29,200000 -20,200000
229 1631355628 0,006211 64,400000 29,600000 29,600000 -20,200000
229 1631355629 0,006211 64,400000 30,000000 30,000000 -20,200000
229 1631355630 -0,009259 64,800000 29,400000 29,400000 -20,200000
229 1631355631 -0,009259 64,800000 28,800000 28,800000 -20,200000
229 1631355632 -0,009259 64,800000 28,200000 28,200000 -20,200000
229 1631355633 -0,009259 64,800000 27,600000 27,600000 -20,200000
229 1631355634 -0,009259 64,800000 27,000000 27,000000 -20,200000
229 1631355635 -0,006135 65,200000 26,600000 26,600000 -20,200000
229 1631355636 -0,006135 65,200000 26,200000 26,200000 -20,200000
229 1631355637 -0,006135 65,200000 25,800000 25,800000 -20,200000
229 1631355638 -0,006135 65,200000 25,400000 25,400000 -20,200000
229 1631355639 -0,006135 65,200000 25,000000 25,000000 -20,200000
229 1631355640 -0,003040 65,800000 24,800000 24,800000 -20,200000
229 1631355641 -0,003040 65,800000 24,600000 24,600000 -20,200000
229 1631355642 -0,003040 65,800000 24,400000 24,400000 -20,200000
229 1631355643 -0,003040 65,800000 24,200000 24,200000 -20,200000
229 1631355644 -0,003040 65,800000 24,000000 24,000000 -20,200000
229 1631355645 0,006024 66,400000 24,400000 24,400000 -20,200000
229 1631355646 0,006024 66,400000 24,800000 24,800000 -20,200000
229 1631355647 0,006024 66,400000 25,200000 25,200000 -20,200000
229 1631355648 0,006024 66,400000 25,600000 25,600000 -20,200000
229 1631355649 0,006024 66,400000 26,000000 26,000000 -20,200000
229 1631355650 0,003003 66,600000 26,200000 26,200000 -20,200000
229 1631355651 0,003003 66,600000 26,400000 26,400000 -20,200000
229 1631355652 0,003003 66,600000 26,600000 26,600000 -20,200000
229 1631355653 0,003003 66,600000 26,800000 26,800000 -20,200000
229 1631355654 0,003003 66,600000 27,000000 27,000000 -20,200000
229 1631355655 -0,005970 67,000000 26,600000 26,600000 -20,200000
229 1631355656 -0,005970 67,000000 26,200000 26,200000 -20,200000
229 1631355657 -0,005970 67,000000 25,800000 25,800000 -20,200000
229 1631355658 -0,005970 67,000000 25,400000 25,400000 -20,200000
229 1631355659 -0,005970 67,000000 25,000000 25,000000 -20,200000
229 1631355660 -0,002959 67,600000 24,800000 24,800000 -20,200000
229 1631355661 -0,002959 67,600000 24,600000 24,600000 -20,200000
229 1631355662 -0,002959 67,600000 24,400000 24,400000 -20,200000
229 1631355663 -0,002959 67,600000 24,200000 24,200000 -20,200000
229 1631355725 0,000000 1,000000 25,000000 25,000000 10201,000000
229 1631355724 0,000000 0,200000 25,000000 25,000000 2040,200000
229 1631355723 0,000000 0,200000 25,000000 25,000000 2040,200000
229 1631355722 0,000000 0,200000 25,000000 25,000000 2040,200000
229 1631355721 0,000000 0,200000 25,000000 25,000000 2040,200000
229 1631355720 0,000000 0,200000 25,000000 25,000000 2040,200000
229 1631355719 3,000000 0,200000 25,000000 25,000000 2040,272000
229 1631355718 3,000000 0,200000 24,400000 24,400000 2040,272000
229 1631355717 3,000000 0,200000 23,800000 23,800000 2040,272000
229 1631355716 3,000000 0,200000 23,200000 23,200000 2040,272000
229 1631355715 3,000000 0,200000 22,600000 22,600000 2040,272000
229 1631355714 -4,000000 0,200000 22,000000 22,000000 2040,328000
229 1631355713 -4,000000 0,200000 22,800000 22,800000 2040,328000
229 1631355712 -4,000000 0,200000 23,600000 23,600000 2040,328000
229 1631355711 -4,000000 0,200000 24,400000 24,400000 2040,328000
229 1631355710 -4,000000 0,200000 25,200000 25,200000 2040,328000
229 1631355709 2,000000 0,200000 26,000000 26,000000 2040,232000
229 1631355708 2,000000 0,200000 25,600000 25,600000 2040,232000
229 1631355707 2,000000 0,200000 25,200000 25,200000 2040,232000
229 1631355706 2,000000 0,200000 24,800000 24,800000 2040,232000
229 1631355705 2,000000 0,200000 24,400000 24,400000 2040,232000
229 1631355704 -6,000000 0,200000 24,000000 24,000000 2040,488000
229 1631355703 -6,000000 0,200000 25,200000 25,200000 2040,488000
229 1631355702 -6,000000 0,200000 26,400000 26,400000 2040,488000
229 1631355701 -6,000000 0,200000 27,600000 27,600000 2040,488000
229 1631355700 -6,000000 0,200000 28,800000 28,800000 2040,488000
229 1631355699 2,000000 0,200000 30,000000 30,000000 2040,232000
229 1631355698 2,000000 0,200000 29,600000 29,600000 2040,232000
229 1631355697 2,000000 0,200000 29,200000 29,200000 2040,232000
229 1631355696 2,000000 0,200000 28,800000 28,800000 2040,232000
229 1631355695 2,000000 0,200000 28,400000 28,400000 2040,232000
229 1631355694 2,000000 0,200000 28,000000 28,000000 2040,232000
229 1631355693 2,000000 0,200000 27,600000 27,600000 2040,232000
229 1631355692 2,000000 0,200000 27,200000 27,200000 2040,232000
229 1631355691 2,000000 0,200000 26,800000 26,800000 2040,232000
229 1631355690 2,000000 0,200000 26,400000 26,400000 2040,232000
229 1631355689 2,000000 0,200000 26,000000 26,000000 2040,232000
229 1631355688 2,000000 0,200000 25,600000 25,600000 2040,232000
229 1631355687 2,000000 0,200000 25,200000 25,200000 2040,232000
229 1631355686 2,000000 0,200000 24,800000 24,800000 2040,232000
229 1631355685 2,000000 0,200000 24,400000 24,400000 2040,232000
229 1631355684 -2,000000 0,200000 24,000000 24,000000 2040,232000
229 1631355683 -2,000000 0,200000 24,400000 24,400000 2040,232000
229 1631355682 -2,000000 0,200000 24,800000 24,800000 2040,232000
229 1631355681 -2,000000 0,200000 25,200000 25,200000 2040,232000
229 1631355680 -2,000000 0,200000 25,600000 25,600000 2040,232000
229 1631355679 3,000000 0,200000 26,000000 26,000000 2040,272000
229 1631355678 3,000000 0,200000 25,400000 25,400000 2040,272000
229 1631355677 3,000000 0,200000 24,800000 24,800000 2040,272000
229 1631355676 3,000000 0,200000 24,200000 24,200000 2040,272000
229 1631355675 3,000000 0,200000 23,600000 23,600000 2040,272000
229 1631355674 -7,000000 0,200000 23,000000 23,000000 2040,592000
229 1631355673 -7,000000 0,200000 24,400000 24,400000 2040,592000
229 1631355672 -7,000000 0,200000 25,800000 25,800000 2040,592000
229 1631355671 -7,000000 0,200000 27,200000 27,200000 2040,592000
229 1631355670 -7,000000 0,200000 28,600000 28,600000 2040,592000
229 1631355669 6,000000 0,200000 30,000000 30,000000 2040,488000
229 1631355668 6,000000 0,200000 28,800000 28,800000 2040,488000
229 1631355667 6,000000 0,200000 27,600000 27,600000 2040,488000
229 1631355666 6,000000 0,200000 26,400000 26,400000 2040,488000
229 1631355665 6,000000 0,200000 25,200000 25,200000 2040,488000
229 1631355664 -1,000000 0,200000 24,000000 24,000000 2040,208000
229 1631355664 -0,002959 67,600000 24,000000 24,000000 -20,200000
229 1631355665 0,017493 68,600000 25,200000 25,200000 -20,200000
229 1631355666 0,017493 68,600000 26,400000 26,400000 -20,200000
229 1631355667 0,017493 68,600000 27,600000 27,600000 -20,200000
229 1631355668 0,017493 68,600000 28,800000 28,800000 -20,200000
229 1631355669 0,017493 68,600000 30,000000 30,000000 -20,200000
229 1631355670 -0,020173 69,400000 28,600000 28,600000 -20,200000
229 1631355671 -0,020173 69,400000 27,200000 27,200000 -20,200000
229 1631355672 -0,020173 69,400000 25,800000 25,800000 -20,200000
229 1631355673 -0,020173 69,400000 24,400000 24,400000 -20,200000
229 1631355674 -0,020173 69,400000 23,000000 23,000000 -20,200000
229 1631355675 0,008547 70,200000 23,600000 23,600000 -20,200000
229 1631355676 0,008547 70,200000 24,200000 24,200000 -20,200000
229 1631355677 0,008547 70,200000 24,800000 24,800000 -20,200000
229 1631355678 0,008547 70,200000 25,400000 25,400000 -20,200000
229 1631355679 0,008547 70,200000 26,000000 26,000000 -20,200000
229 1631355680 -0,005618 71,200000 25,600000 25,600000 -20,200000
229 1631355681 -0,005618 71,200000 25,200000 25,200000 -20,200000
229 1631355682 -0,005618 71,200000 24,800000 24,800000 -20,200000
229 1631355683 -0,005618 71,200000 24,400000 24,400000 -20,200000
229 1631355684 -0,005618 71,200000 24,000000 24,000000 -20,200000
229 1631355685 0,005571 71,800000 24,400000 24,400000 -20,200000
229 1631355686 0,005571 71,800000 24,800000 24,800000 -20,200000
229 1631355687 0,005571 71,800000 25,200000 25,200000 -20,200000
229 1631355688 0,005571 71,800000 25,600000 25,600000 -20,200000
229 1631355689 0,005571 71,800000 26,000000 26,000000 -20,200000
229 1631355690 0,005540 72,200000 26,400000 26,400000 -20,200000
229 1631355691 0,005540 72,200000 26,800000 26,800000 -20,200000
229 1631355692 0,005540 72,200000 27,200000 27,200000 -20,200000
229 1631355693 0,005540 72,200000 27,600000 27,600000 -20,200000
229 1631355694 0,005540 72,200000 28,000000 28,000000 -20,200000
229 1631355695 0,005464 73,200000 28,400000 28,400000 -20,200000
229 1631355696 0,005464 73,200000 28,800000 28,800000 -20,200000
229 1631355697 0,005464 73,200000 29,200000 29,200000 -20,200000
229 1631355698 0,005464 73,200000 29,600000 29,600000 -20,200000
229 1631355699 0,005464 73,200000 30,000000 30,000000 -20,200000
229 1631355700 -0,016043 74,800000 28,800000 28,800000 -20,200000
229 1631355701 -0,016043 74,800000 27,600000 27,600000 -20,200000
229 1631355702 -0,016043 74,800000 26,400000 26,400000 -20,200000
229 1631355703 -0,016043 74,800000 25,200000 25,200000 -20,200000
229 1631355704 -0,016043 74,800000 24,000000 24,000000 -20,200000
229 1631355705 0,005305 75,400000 24,400000 24,400000 -20,200000
229 1631355706 0,005305 75,400000 24,800000 24,800000 -20,200000
229 1631355707 0,005305 75,400000 25,200000 25,200000 -20,200000
229 1631355708 0,005305 75,400000 25,600000 25,600000 -20,200000
229 1631355709 0,005305 75,400000 26,000000 26,000000 -20,200000
229 1631355710 -0,010554 75,800000 25,200000 25,200000 -20,200000
229 1631355711 -0,010554 75,800000 24,400000 24,400000 -20,200000
229 1631355712 -0,010554 75,800000 23,600000 23,600000 -20,200000
229 1631355713 -0,010554 75,800000 22,800000 22,800000 -20,200000
229 1631355714 -0,010554 75,800000 22,000000 22,000000 -20,200000
229 1631355715 0,007895 76,000000 22,600000 22,600000 -20,200000
229 1631355716 0,007895 76,000000 23,200000 23,200000 -20,200000
229 1631355717 0,007895 76,000000 23,800000 23,800000 -20,200000
229 1631355718 0,007895 76,000000 24,400000 24,400000 -20,200000
229 1631355719 0,007895 76,000000 25,000000 25,000000 -20,200000
229 1631355720 0,000000 76,800000 25,000000 25,000000 -20,200000
229 1631355721 0,000000 76,800000 25,000000 25,000000 -20,200000
229 1631355722 0,000000 76,800000 25,000000 25,000000 -20,200000
229 1631355723 0,000000 76,800000 25,000000 25,000000 -20,200000
229 1631355724 0,000000 76,800000 25,000000 25,000000 -20,200000
229 1631355725 0,002571 77,800000 25,200000 25,200000 -20,200000
229 1631355726 0,002571 77,800000 25,400000 25,400000 -20,200000
229 1631355727 0,002571 77,800000 25,600000 25,600000 -20,200000
229 1631355728 0,002571 77,800000 25,800000 25,800000 -20,200000
229 1631355729 0,002571 77,800000 26,000000 26,000000 -20,200000
229 1631355730 0,002564 78,000000 26,200000 26,200000 -20,200000
229 1631355731 0,002564 78,000000 26,400000 26,400000 -20,200000
229 1631355732 0,002564 78,000000 26,600000 26,600000 -20,200000
229 1631355733 0,002564 78,000000 26,800000 26,800000 -20,200000
229 1631355734 0,002564 78,000000 27,000000 27,000000 -20,200000
229 1631355735 -0,005102 78,400000 26,600000 26,600000 -20,200000
229 1631355736 -0,005102 78,400000 26,200000 26,200000 -20,200000
229 1631355737 -0,005102 78,400000 25,800000 25,800000 -20,200000
229 1631355738 -0,005102 78,400000 25,400000 25,400000 -20,200000
229 1631355739 -0,005102 78,400000 25,000000 25,000000 -20,200000
229 1631355740 0,007557 79,400000 25,600000 25,600000 -20,200000
229 1631355741 0,007557 79,400000 26,200000 26,200000 -20,200000
229 1631355742 0,007557 79,400000 26,800000 26,800000 -20,200000
229 1631355743 0,007557 79,400000 27,400000 27,400000 -20,200000
229 1631355744 0,007557 79,400000 28,000000 28,000000 -20,200000
229 1631355745 -0,002488 80,400000 27,800000 27,800000 -20,200000
229 1631355746 -0,002488 80,400000 27,600000 27,600000 -20,200000
229 1631355747 -0,002488 80,400000 27,400000 27,400000 -20,200000
229 1631355748 -0,002488 80,400000 27,200000 27,200000 -20,200000
229 1631355749 -0,002488 80,400000 27,000000 27,000000 -20,200000
229 1631355750 0,000000 81,000000 27,000000 27,000000 -20,200000
229 1631355751 0,000000 81,000000 27,000000 27,000000 -20,200000
229 1631355752 0,000000 81,000000 27,000000 27,000000 -20,200000
229 1631355753 0,000000 81,000000 27,000000 27,000000 -20,200000
229 1631355754 0,000000 81,000000 27,000000 27,000000 -20,200000
229 1631355755 -0,004914 81,400000 26,600000 26,600000 -20,200000
229 1631355756 -0,004914 81,400000 26,200000 26,200000 -20,200000
229 1631355757 -0,004914 81,400000 25,800000 25,800000 -20,200000
229 1631355758 -0,004914 81,400000 25,400000 25,400000 -20,200000
229 1631355759 -0,004914 81,400000 25,000000 25,000000 -20,200000
229 1631355760 -0,002439 82,000000 24,800000 24,800000 -20,200000
229 1631355761 -0,002439 82,000000 24,600000 24,600000 -20,200000
229 1631355762 -0,002439 82,000000 24,400000 24,400000 -20,200000
229 1631355763 -0,002439 82,000000 24,200000 24,200000 -20,200000
229 1631355764 -0,002439 82,000000 24,000000 24,000000 -20,200000
229 1631355765 0,004843 82,600000 24,400000 24,400000 -20,200000
229 1631355766 0,004843 82,600000 24,800000 24,800000 -20,200000
229 1631355767 0,004843 82,600000 25,200000 25,200000 -20,200000
229 1631355768 0,004843 82,600000 25,600000 25,600000 -20,200000
229 1631355769 0,004843 82,600000 26,000000 26,000000 -20,200000
229 1631355770 0,009615 83,200000 26,800000 26,800000 -20,200000
229 1631355771 0,009615 83,200000 27,600000 27,600000 -20,200000
229 1631355772 0,009615 83,200000 28,400000 28,400000 -20,200000
229 1631355773 0,009615 83,200000 29,200000 29,200000 -20,200000
229 1631355774 0,009615 83,200000 30,000000 30,000000 -20,200000
229 1631355775 -0,019002 84,200000 28,400000 28,400000 -20,200000
229 1631355776 -0,019002 84,200000 26,800000 26,800000 -20,200000
229 1631355777 -0,019002 84,200000 25,200000 25,200000 -20,200000
229 1631355778 -0,019002 84,200000 23,600000 23,600000 -20,200000
229 1631355779 -0,019002 84,200000 22,000000 22,000000 -20,200000
229 1631355780 0,009434 84,800000 22,800000 22,800000 -20,200000
229 1631355781 0,009434 84,800000 23,600000 23,600000 -20,200000
229 1631355782 0,009434 84,800000 24,400000 24,400000 -20,200000
229 1631355783 0,009434 84,800000 25,200000 25,200000 -20,200000
229 1631355784 0,009434 84,800000 26,000000 26,000000 -20,200000
229 1631355785 0,004695 85,200000 26,400000 26,400000 -20,200000
229 1631355786 0,004695 85,200000 26,800000 26,800000 -20,200000
229 1631355787 0,004695 85,200000 27,200000 27,200000 -20,200000
229 1631355788 0,004695 85,200000 27,600000 27,600000 -20,200000
229 1631355789 0,004695 85,200000 28,000000 28,000000 -20,200000
229 1631355790 -0,004673 85,600000 27,600000 27,600000 -20,200000
229 1631355791 -0,004673 85,600000 27,200000 27,200000 -20,200000
229 1631355792 -0,004673 85,600000 26,800000 26,800000 -20,200000
229 1631355793 -0,004673 85,600000 26,400000 26,400000 -20,200000
229 1631355794 -0,004673 85,600000 26,000000 26,000000 -20,200000
229 1631355795 -0,009302 86,000000 25,200000 25,200000 -20,200000
229 1631355796 -0,009302 86,000000 24,400000 24,400000 -20,200000
229 1631355797 -0,009302 86,000000 23,600000 23,600000 -20,200000
229 1631355798 -0,009302 86,000000 22,800000 22,800000 -20,200000
229 1631355799 -0,009302 86,000000 22,000000 22,000000 -20,200000
229 1631355800 0,009238 86,600000 22,800000 22,800000 -20,200000
229 1631355801 0,009238 86,600000 23,600000 23,600000 -20,200000
229 1631355802 0,009238 86,600000 24,400000 24,400000 -20,200000
229 1631355803 0,009238 86,600000 25,200000 25,200000 -20,200000
229 1631355804 0,009238 86,600000 26,000000 26,000000 -20,200000
229 1631355805 0,004598 87,000000 26,400000 26,400000 -20,200000
229 1631355806 0,004598 87,000000 26,800000 26,800000 -20,200000
229 1631355807 0,004598 87,000000 27,200000 27,200000 -20,200000
229 1631355808 0,004598 87,000000 27,600000 27,600000 -20,200000
229 1631355809 0,004598 87,000000 28,000000 28,000000 -20,200000
229 1631355810 -0,004577 87,400000 27,600000 27,600000 -20,200000
229 1631355811 -0,004577 87,400000 27,200000 27,200000 -20,200000
229 1631355812 -0,004577 87,400000 26,800000 26,800000 -20,200000
229 1631355813 -0,004577 87,400000 26,400000 26,400000 -20,200000
229 1631355814 -0,004577 87,400000 26,000000 26,000000 -20,200000
229 1631355815 0,000000 88,200000 26,000000 26,000000 -20,200000
229 1631355816 0,000000 88,200000 26,000000 26,000000 -20,200000
229 1631355817 0,000000 88,200000 26,000000 26,000000 -20,200000
229 1631355818 0,000000 88,200000 26,000000 26,000000 -20,200000
229 1631355819 0,000000 88,200000 26,000000 26,000000 -20,200000
229 1631355820 0,002242 89,200000 26,200000 26,200000 -20,200000
229 1631355821 0,002242 89,200000 26,400000 26,400000 -20,200000
229 1631355822 0,002242 89,200000 26,600000 26,600000 -20,200000
229 1631355823 0,002242 89,200000 26,800000 26,800000 -20,200000
229 1631355824 0,002242 89,200000 27,000000 27,000000 -20,200000
229 1631355825 0,002222 90,000000 27,200000 27,200000 -20,200000
229 1631355826 0,002222 90,000000 27,400000 27,400000 -20,200000
229 1631355827 0,002222 90,000000 27,600000 27,600000 -20,200000
229 1631355828 0,002222 90,000000 27,800000 27,800000 -20,200000
229 1631355829 0,002222 90,000000 28,000000 28,000000 -20,200000
229 1631355830 -0,004425 90,400000 27,600000 27,600000 -20,200000
229 1631355831 -0,004425 90,400000 27,200000 27,200000 -20,200000
229 1631355832 -0,004425 90,400000 26,800000 26,800000 -20,200000
229 1631355833 -0,004425 90,400000 26,400000 26,400000 -20,200000
229 1631355834 -0,004425 90,400000 26,000000 26,000000 -20,200000
229 1631355835 -0,006608 90,800000 25,400000 25,400000 -20,200000
229 1631355836 -0,006608 90,800000 24,800000 24,800000 -20,200000
229 1631355837 -0,006608 90,800000 24,200000 24,200000 -20,200000
229 1631355838 -0,006608 90,800000 23,600000 23,600000 -20,200000
229 1631355839 -0,006608 90,800000 23,000000 23,000000 -20,200000
229 1631355840 0,008734 91,600000 23,800000 23,800000 -20,200000
229 1631355841 0,008734 91,600000 24,600000 24,600000 -20,200000
229 1631355842 0,008734 91,600000 25,400000 25,400000 -20,200000
229 1631355843 0,008734 91,600000 26,200000 26,200000 -20,200000
229 1631355844 0,008734 91,600000 27,000000 27,000000 -20,200000
229 1631355845 0,010823 92,400000 28,000000 28,000000 -20,200000
229 1631355846 0,010823 92,400000 29,000000 29,000000 -20,200000
229 1631355847 0,010823 92,400000 30,000000 30,000000 -20,200000
229 1631355848 0,010823 92,400000 31,000000 31,000000 -20,200000
229 1631355849 0,010823 92,400000 32,000000 32,000000 -20,200000
229 1631355850 -0,012848 93,400000 30,800000 30,800000 -20,200000
229 1631355851 -0,012848 93,400000 29,600000 29,600000 -20,200000
229 1631355852 -0,012848 93,400000 28,400000 28,400000 -20,200000
229 1631355853 -0,012848 93,400000 27,200000 27,200000 -20,200000
229 1631355854 -0,012848 93,400000 26,000000 26,000000 -20,200000
229 1631355855 -0,006383 94,000000 25,400000 25,400000 -20,200000
229 1631355856 -0,006383 94,000000 24,800000 24,800000 -20,200000
229 1631355857 -0,006383 94,000000 24,200000 24,200000 -20,200000
229 1631355858 -0,006383 94,000000 23,600000 23,600000 -20,200000
229 1631355859 -0,006383 94,000000 23,000000 23,000000 -20,200000
229 1631355860 0,006316 95,000000 23,600000 23,600000 -20,200000
229 1631355861 0,006316 95,000000 24,200000 24,200000 -20,200000
229 1631355862 0,006316 95,000000 24,800000 24,800000 -20,200000
229 1631355863 0,006316 95,000000 25,400000 25,400000 -20,200000
229 1631355864 0,006316 95,000000 26,000000 26,000000 -20,200000
229 1631355865 0,004193 95,400000 26,400000 26,400000 -20,200000
229 1631355866 0,004193 95,400000 26,800000 26,800000 -20,200000
229 1631355867 0,004193 95,400000 27,200000 27,200000 -20,200000
229 1631355868 0,004193 95,400000 27,600000 27,600000 -20,200000
229 1631355869 0,004193 95,400000 28,000000 28,000000 -20,200000
229 1631355870 -0,004175 95,800000 27,600000 27,600000 -20,200000
229 1631355871 -0,004175 95,800000 27,200000 27,200000 -20,200000
229 1631355872 -0,004175 95,800000 26,800000 26,800000 -20,200000
229 1631355873 -0,004175 95,800000 26,400000 26,400000 -20,200000
229 1631355874 -0,004175 95,800000 26,000000 26,000000 -20,200000
229 1631355875 -0,006224 96,400000 25,400000 25,400000 -20,200000
229 1631355876 -0,006224 96,400000 24,800000 24,800000 -20,200000
229 1631355877 -0,006224 96,400000 24,200000 24,200000 -20,200000
229 1631355878 -0,006224 96,400000 23,600000 23,600000 -20,200000
229 1631355879 -0,006224 96,400000 23,000000 23,000000 -20,200000
229 1631355880 0,006160 97,400000 23,600000 23,600000 -20,200000
229 1631355881 0,006160 97,400000 24,200000 24,200000 -20,200000
229 1631355882 0,006160 97,400000 24,800000 24,800000 -20,200000
229 1631355883 0,006160 97,400000 25,400000 25,400000 -20,200000
229 1631355884 0,006160 97,400000 26,000000 26,000000 -20,200000
229 1631355885 0,004090 97,800000 26,400000 26,400000 -20,200000
229 1631355886 0,004090 97,800000 26,800000 26,800000 -20,200000
229 1631355887 0,004090 97,800000 27,200000 27,200000 -20,200000
229 1631355888 0,004090 97,800000 27,600000 27,600000 -20,200000
229 1631355889 0,004090 97,800000 28,000000 28,000000 -20,200000
229 1631355890 0,004057 98,600000 28,400000 28,400000 -20,200000
229 1631355891 0,004057 98,600000 28,800000 28,800000 -20,200000
229 1631355892 0,004057 98,600000 29,200000 29,200000 -20,200000
229 1631355893 0,004057 98,600000 29,600000 29,600000 -20,200000
229 1631355894 0,004057 98,600000 30,000000 30,000000 -20,200000
229 1631355895 -0,014085 99,400000 28,600000 28,600000 -20,200000
229 1631355896 -0,014085 99,400000 27,200000 27,200000 -20,200000
229 1631355897 -0,014085 99,400000 25,800000 25,800000 -20,200000
229 1631355898 -0,014085 99,400000 24,400000 24,400000 -20,200000
229 1631355899 -0,014085 99,400000 23,000000 23,000000 -20,200000
229 1631355900 0,007952 100,600000 23,800000 23,800000 -20,200000
229 1631355901 0,007952 100,600000 24,600000 24,600000 -20,200000
229 1631355902 0,007952 100,600000 25,400000 25,400000 -20,200000
229 1631355903 0,007952 100,600000 26,200000 26,200000 -20,200000
229 1631355904 0,007952 100,600000 27,000000 27,000000 -20,200000
229 1631355905 0,001972 101,400000 27,200000 27,200000 -20,200000
229 1631355906 0,001972 101,400000 27,400000 27,400000 -20,200000
229 1631355907 0,001972 101,400000 27,600000 27,600000 -20,200000
229 1631355908 0,001972 101,400000 27,800000 27,800000 -20,200000
229 1631355909 0,001972 101,400000 28,000000 28,000000 -20,200000
229 1631355910 -0,003929 101,800000 27,600000 27,600000 -20,200000
229 1631355911 -0,003929 101,800000 27,200000 27,200000 -20,200000
229 1631355912 -0,003929 101,800000 26,800000 26,800000 -20,200000
229 1631355913 -0,003929 101,800000 26,400000 26,400000 -20,200000
229 1631355914 -0,003929 101,800000 26,000000 26,000000 -20,200000
229 1631355915 -0,005859 102,400000 25,400000 25,400000 -20,200000
229 1631355916 -0,005859 102,400000 24,800000 24,800000 -20,200000
229 1631355917 -0,005859 102,400000 24,200000 24,200000 -20,200000
229 1631355918 -0,005859 102,400000 23,600000 23,600000 -20,200000
229 1631355919 -0,005859 102,400000 23,000000 23,000000 -20,200000
229 1631355920 0,013540 103,400000 24,400000 24,400000 -20,200000
229 1631355921 0,013540 103,400000 25,800000 25,800000 -20,200000
229 1631355922 0,013540 103,400000 27,200000 27,200000 -20,200000
229 1631355923 0,013540 103,400000 28,600000 28,600000 -20,200000
229 1631355924 0,013540 103,400000 30,000000 30,000000 -20,200000
229 1631355925 -0,005747 104,400000 29,400000 29,400000 -20,200000
229 1631355926 -0,005747 104,400000 28,800000 28,800000 -20,200000
229 1631355927 -0,005747 104,400000 28,200000 28,200000 -20,200000
229 1631355928 -0,005747 104,400000 27,600000 27,600000 -20,200000
229 1631355929 -0,005747 104,400000 27,000000 27,000000 -20,200000
229 1631355930 -0,003817 104,800000 26,600000 26,600000 -20,200000
229 1631355931 -0,003817 104,800000 26,200000 26,200000 -20,200000
229 1631355932 -0,003817 104,800000 25,800000 25,800000 -20,200000
229 1631355933 -0,003817 104,800000 25,400000 25,400000 -20,200000
229 1631355934 -0,003817 104,800000 25,000000 25,000000 -20,200000
229 1631355935 -0,005703 105,200000 24,400000 24,400000 -20,200000
229 1631355936 -0,005703 105,200000 23,800000 23,800000 -20,200000
229 1631355937 -0,005703 105,200000 23,200000 23,200000 -20,200000
229 1631355938 -0,005703 105,200000 22,600000 22,600000 -20,200000
229 1631355939 -0,005703 105,200000 22,000000 22,000000 -20,200000
229 1631355940 0,007561 105,800000 22,800000 22,800000 -20,200000
229 1631355941 0,007561 105,800000 23,600000 23,600000 -20,200000
229 1631355942 0,007561 105,800000 24,400000 24,400000 -20,200000
229 1631355943 0,007561 105,800000 25,200000 25,200000 -20,200000
229 1631355944 0,007561 105,800000 26,000000 26,000000 -20,200000
229 1631355945 0,003766 106,200000 26,400000 26,400000 -20,200000
229 1631355946 0,003766 106,200000 26,800000 26,800000 -20,200000
229 1631355947 0,003766 106,200000 27,200000 27,200000 -20,200000
229 1631355948 0,003766 106,200000 27,600000 27,600000 -20,200000
229 1631355949 0,003766 106,200000 28,000000 28,000000 -20,200000
229 1631355950 -0,003752 106,600000 27,600000 27,600000 -20,200000
229 1631355951 -0,003752 106,600000 27,200000 27,200000 -20,200000
229 1631355952 -0,003752 106,600000 26,800000 26,800000 -20,200000
229 1631355953 -0,003752 106,600000 26,400000 26,400000 -20,200000
229 1631355954 -0,003752 106,600000 26,000000 26,000000 -20,200000
229 1631355955 -0,007477 107,000000 25,200000 25,200000 -20,200000
229 1631355956 -0,007477 107,000000 24,400000 24,400000 -20,200000
229 1631355957 -0,007477 107,000000 23,600000 23,600000 -20,200000
229 1631355958 -0,007477 107,000000 22,800000 22,800000 -20,200000
229 1631355959 -0,007477 107,000000 22,000000 22,000000 -20,200000
229 1631355960 0,009276 107,800000 23,000000 23,000000 -20,200000
229 1631355961 0,009276 107,800000 24,000000 24,000000 -20,200000
229 1631355962 0,009276 107,800000 25,000000 25,000000 -20,200000
229 1631355963 0,009276 107,800000 26,000000 26,000000 -20,200000
229 1631355964 0,009276 107,800000 27,000000 27,000000 -20,200000
229 1631355965 0,009208 108,600000 28,000000 28,000000 -20,200000
229 1631355966 0,009208 108,600000 29,000000 29,000000 -20,200000
229 1631355967 0,009208 108,600000 30,000000 30,000000 -20,200000
229 1631355968 0,009208 108,600000 31,000000 31,000000 -20,200000
229 1631355969 0,009208 108,600000 32,000000 32,000000 -20,200000
229 1631355970 -0,003656 109,400000 31,600000 31,600000 -20,200000
229 1631355971 -0,003656 109,400000 31,200000 31,200000 -20,200000
229 1631355972 -0,003656 109,400000 30,800000 30,800000 -20,200000
229 1631355973 -0,003656 109,400000 30,400000 30,400000 -20,200000
229 1631355974 -0,003656 109,400000 30,000000 30,000000 -20,200000
229 1631355975 -0,014545 110,000000 28,400000 28,400000 -20,200000
229 1631355976 -0,014545 110,000000 26,800000 26,800000 -20,200000
229 1631355977 -0,014545 110,000000 25,200000 25,200000 -20,200000
229 1631355978 -0,014545 110,000000 23,600000 23,600000 -20,200000
229 1631355979 -0,014545 110,000000 22,000000 22,000000 -20,200000
229 1631355980 0,007233 110,600000 22,800000 22,800000 -20,200000
229 1631355981 0,007233 110,600000 23,600000 23,600000 -20,200000
229 1631355982 0,007233 110,600000 24,400000 24,400000 -20,200000
229 1631355983 0,007233 110,600000 25,200000 25,200000 -20,200000
229 1631355984 0,007233 110,600000 26,000000 26,000000 -20,200000
229 1631355985 0,009009 111,000000 27,000000 27,000000 -20,200000
229 1631355986 0,009009 111,000000 28,000000 28,000000 -20,200000
229 1631355987 0,009009 111,000000 29,000000 29,000000 -20,200000
229 1631355988 0,009009 111,000000 30,000000 30,000000 -20,200000
229 1631355989 0,009009 111,000000 31,000000 31,000000 -20,200000
229 1631355990 -0,003591 111,400000 30,600000 30,600000 -20,200000
229 1631355991 -0,003591 111,400000 30,200000 30,200000 -20,200000
229 1631355992 -0,003591 111,400000 29,800000 29,800000 -20,200000
229 1631355993 -0,003591 111,400000 29,400000 29,400000 -20,200000
229 1631355994 -0,003591 111,400000 29,000000 29,000000 -20,200000
229 1631355995 -0,001779 112,400000 28,800000 28,800000 -20,200000
229 1631355996 -0,001779 112,400000 28,600000 28,600000 -20,200000
229 1631355997 -0,001779 112,400000 28,400000 28,400000 -20,200000
229 1631355998 -0,001779 112,400000 28,200000 28,200000 -20,200000
229 1631355999 -0,001779 112,400000 28,000000 28,000000 -20,200000
229 1631356000 -0,008818 113,400000 27,000000 27,000000 -20,200000
229 1631356001 -0,008818 113,400000 26,000000 26,000000 -20,200000
229 1631356002 -0,008818 113,400000 25,000000 25,000000 -20,200000
229 1631356003 -0,008818 113,400000 24,000000 24,000000 -20,200000
229 1631356004 -0,008818 113,400000 23,000000 23,000000 -20,200000
229 1631356005 0,012302 113,800000 24,400000 24,400000 -20,200000
229 1631356006 0,012302 113,800000 25,800000 25,800000 -20,200000
229 1631356007 0,012302 113,800000 27,200000 27,200000 -20,200000
229 1631356008 0,012302 113,800000 28,600000 28,600000 -20,200000
229 1631356009 0,012302 113,800000 30,000000 30,000000 -20,200000
229 1631356010 -0,003509 114,000000 29,600000 29,600000 -20,200000
229 1631356011 -0,003509 114,000000 29,200000 29,200000 -20,200000
229 1631356012 -0,003509 114,000000 28,800000 28,800000 -20,200000
229 1631356013 -0,003509 114,000000 28,400000 28,400000 -20,200000
229 1631356014 -0,003509 114,000000 28,000000 28,000000 -20,200000
229 1631356015 -0,012216 114,600000 26,600000 26,600000 -20,200000
229 1631356016 -0,012216 114,600000 25,200000 25,200000 -20,200000
229 1631356017 -0,012216 114,600000 23,800000 23,800000 -20,200000
229 1631356018 -0,012216 114,600000 22,400000 22,400000 -20,200000
229 1631356019 -0,012216 114,600000 21,000000 21,000000 -20,200000
229 1631356020 0,003472 115,200000 21,400000 21,400000 -20,200000
229 1631356021 0,003472 115,200000 21,800000 21,800000 -20,200000
229 1631356022 0,003472 115,200000 22,200000 22,200000 -20,200000
229 1631356023 0,003472 115,200000 22,600000 22,600000 -20,200000
229 1631356024 0,003472 115,200000 23,000000 23,000000 -20,200000
229 1631356025 0,012111 115,600000 24,400000 24,400000 -20,200000
229 1631356026 0,012111 115,600000 25,800000 25,800000 -20,200000
229 1631356027 0,012111 115,600000 27,200000 27,200000 -20,200000
229 1631356028 0,012111 115,600000 28,600000 28,600000 -20,200000
229 1631356029 0,012111 115,600000 30,000000 30,000000 -20,200000
229 1631356030 -0,003454 115,800000 29,600000 29,600000 -20,200000
229 1631356031 -0,003454 115,800000 29,200000 29,200000 -20,200000
229 1631356032 -0,003454 115,800000 28,800000 28,800000 -20,200000
229 1631356033 -0,003454 115,800000 28,400000 28,400000 -20,200000
229 1631356034 -0,003454 115,800000 28,000000 28,000000 -20,200000
229 1631356035 -0,008562 116,800000 27,000000 27,000000 -20,200000
229 1631356036 -0,008562 116,800000 26,000000 26,000000 -20,200000
229 1631356037 -0,008562 116,800000 25,000000 25,000000 -20,200000
229 1631356038 -0,008562 116,800000 24,000000 24,000000 -20,200000
229 1631356039 -0,008562 116,800000 23,000000 23,000000 -20,200000
229 1631356040 0,006768 118,200000 23,800000 23,800000 -20,200000
229 1631356041 0,006768 118,200000 24,600000 24,600000 -20,200000
229 1631356042 0,006768 118,200000 25,400000 25,400000 -20,200000
229 1631356043 0,006768 118,200000 26,200000 26,200000 -20,200000
229 1631356044 0,006768 118,200000 27,000000 27,000000 -20,200000
229 1631356045 0,005034 119,200000 27,600000 27,600000 -20,200000
229 1631356046 0,005034 119,200000 28,200000 28,200000 -20,200000
229 1631356047 0,005034 119,200000 28,800000 28,800000 -20,200000
229 1631356048 0,005034 119,200000 29,400000 29,400000 -20,200000
229 1631356049 0,005034 119,200000 30,000000 30,000000 -20,200000
229 1631356050 -0,003350 119,400000 29,600000 29,600000 -20,200000
229 1631356051 -0,003350 119,400000 29,200000 29,200000 -20,200000
229 1631356052 -0,003350 119,400000 28,800000 28,800000 -20,200000
229 1631356053 -0,003350 119,400000 28,400000 28,400000 -20,200000
229 1631356054 -0,003350 119,400000 28,000000 28,000000 -20,200000
229 1631356055 -0,009983 120,200000 26,800000 26,800000 -20,200000
229 1631356056 -0,009983 120,200000 25,600000 25,600000 -20,200000
229 1631356057 -0,009983 120,200000 24,400000 24,400000 -20,200000
229 1631356058 -0,009983 120,200000 23,200000 23,200000 -20,200000
229 1631356059 -0,009983 120,200000 22,000000 22,000000 -20,200000
229 1631356060 0,003295 121,400000 22,400000 22,400000 -20,200000
229 1631356061 0,003295 121,400000 22,800000 22,800000 -20,200000
229 1631356062 0,003295 121,400000 23,200000 23,200000 -20,200000
229 1631356063 0,003295 121,400000 23,600000 23,600000 -20,200000
229 1631356064 0,003295 121,400000 24,000000 24,000000 -20,200000
229 1631356065 0,011475 122,000000 25,400000 25,400000 -20,200000
229 1631356066 0,011475 122,000000 26,800000 26,800000 -20,200000
229 1631356067 0,011475 122,000000 28,200000 28,200000 -20,200000
229 1631356068 0,011475 122,000000 29,600000 29,600000 -20,200000
229 1631356069 0,011475 122,000000 31,000000 31,000000 -20,200000
229 1631356070 0,000000 122,800000 31,000000 31,000000 -20,200000
229 1631356071 0,000000 122,800000 31,000000 31,000000 -20,200000
229 1631356072 0,000000 122,800000 31,000000 31,000000 -20,200000
229 1631356073 0,000000 122,800000 31,000000 31,000000 -20,200000
229 1631356074 0,000000 122,800000 31,000000 31,000000 -20,200000
229 1631356075 -0,016181 123,600000 29,000000 29,000000 -20,200000
229 1631356076 -0,016181 123,600000 27,000000 27,000000 -20,200000
229 1631356077 -0,016181 123,600000 25,000000 25,000000 -20,200000
229 1631356078 -0,016181 123,600000 23,000000 23,000000 -20,200000
229 1631356079 -0,016181 123,600000 21,000000 21,000000 -20,200000
229 1631356080 0,004823 124,400000 21,600000 21,600000 -20,200000
229 1631356081 0,004823 124,400000 22,200000 22,200000 -20,200000
229 1631356082 0,004823 124,400000 22,800000 22,800000 -20,200000
229 1631356083 0,004823 124,400000 23,400000 23,400000 -20,200000
229 1631356084 0,004823 124,400000 24,000000 24,000000 -20,200000
229 1631356085 0,009585 125,200000 25,200000 25,200000 -20,200000
229 1631356086 0,009585 125,200000 26,400000 26,400000 -20,200000
229 1631356087 0,009585 125,200000 27,600000 27,600000 -20,200000
229 1631356088 0,009585 125,200000 28,800000 28,800000 -20,200000
229 1631356089 0,009585 125,200000 30,000000 30,000000 -20,200000
229 1631356090 -0,003190 125,400000 29,600000 29,600000 -20,200000
229 1631356091 -0,003190 125,400000 29,200000 29,200000 -20,200000
229 1631356092 -0,003190 125,400000 28,800000 28,800000 -20,200000
229 1631356093 -0,003190 125,400000 28,400000 28,400000 -20,200000
229 1631356094 -0,003190 125,400000 28,000000 28,000000 -20,200000
229 1631356095 -0,011111 126,000000 26,600000 26,600000 -20,200000
229 1631356096 -0,011111 126,000000 25,200000 25,200000 -20,200000
229 1631356097 -0,011111 126,000000 23,800000 23,800000 -20,200000
229 1631356098 -0,011111 126,000000 22,400000 22,400000 -20,200000
229 1631356099 -0,011111 126,000000 21,000000 21,000000 -20,200000
229 1631356100 0,003160 126,600000 21,400000 21,400000 -20,200000
229 1631356101 0,003160 126,600000 21,800000 21,800000 -20,200000
229 1631356102 0,003160 126,600000 22,200000 22,200000 -20,200000
229 1631356103 0,003160 126,600000 22,600000 22,600000 -20,200000
229 1631356104 0,003160 126,600000 23,000000 23,000000 -20,200000
229 1631356105 0,011024 127,000000 24,400000 24,400000 -20,200000
229 1631356106 0,011024 127,000000 25,800000 25,800000 -20,200000
229 1631356107 0,011024 127,000000 27,200000 27,200000 -20,200000
229 1631356108 0,011024 127,000000 28,600000 28,600000 -20,200000
229 1631356109 0,011024 127,000000 30,000000 30,000000 -20,200000
229 1631356110 -0,001570 127,400000 29,800000 29,800000 -20,200000
229 1631356111 -0,001570 127,400000 29,600000 29,600000 -20,200000
229 1631356112 -0,001570 127,400000 29,400000 29,400000 -20,200000
229 1631356113 -0,001570 127,400000 29,200000 29,200000 -20,200000
229 1631356114 -0,001570 127,400000 29,000000 29,000000 -20,200000
229 1631356115 -0,004673 128,400000 28,400000 28,400000 -20,200000
229 1631356116 -0,004673 128,400000 27,800000 27,800000 -20,200000
229 1631356117 -0,004673 128,400000 27,200000 27,200000 -20,200000
229 1631356118 -0,004673 128,400000 26,600000 26,600000 -20,200000
229 1631356119 -0,004673 128,400000 26,000000 26,000000 -20,200000
229 1631356120 -0,004630 129,600000 25,400000 25,400000 -20,200000
229 1631356121 -0,004630 129,600000 24,800000 24,800000 -20,200000
229 1631356122 -0,004630 129,600000 24,200000 24,200000 -20,200000
229 1631356123 -0,004630 129,600000 23,600000 23,600000 -20,200000
229 1631356124 -0,004630 129,600000 23,000000 23,000000 -20,200000
229 1631356125 0,010769 130,000000 24,400000 24,400000 -20,200000
229 1631356126 0,010769 130,000000 25,800000 25,800000 -20,200000
229 1631356127 0,010769 130,000000 27,200000 27,200000 -20,200000
229 1631356128 0,010769 130,000000 28,600000 28,600000 -20,200000
229 1631356129 0,010769 130,000000 30,000000 30,000000 -20,200000
229 1631356130 -0,003072 130,200000 29,600000 29,600000 -20,200000
229 1631356131 -0,003072 130,200000 29,200000 29,200000 -20,200000
229 1631356132 -0,003072 130,200000 28,800000 28,800000 -20,200000
229 1631356133 -0,003072 130,200000 28,400000 28,400000 -20,200000
229 1631356134 -0,003072 130,200000 28,000000 28,000000 -20,200000
229 1631356135 -0,009160 131,000000 26,800000 26,800000 -20,200000
229 1631356136 -0,009160 131,000000 25,600000 25,600000 -20,200000
229 1631356137 -0,009160 131,000000 24,400000 24,400000 -20,200000
229 1631356138 -0,009160 131,000000 23,200000 23,200000 -20,200000
229 1631356139 -0,009160 131,000000 22,000000 22,000000 -20,200000
229 1631356140 0,003035 131,800000 22,400000 22,400000 -20,200000
229 1631356141 0,003035 131,800000 22,800000 22,800000 -20,200000
229 1631356142 0,003035 131,800000 23,200000 23,200000 -20,200000
229 1631356143 0,003035 131,800000 23,600000 23,600000 -20,200000
229 1631356144 0,003035 131,800000 24,000000 24,000000 -20,200000
229 1631356145 0,013554 132,800000 25,800000 25,800000 -20,200000
229 1631356146 0,013554 132,800000 27,600000 27,600000 -20,200000
229 1631356147 0,013554 132,800000 29,400000 29,400000 -20,200000
229 1631356148 0,013554 132,800000 31,200000 31,200000 -20,200000
229 1631356149 0,013554 132,800000 33,000000 33,000000 -20,200000
229 1631356150 -0,007508 133,200000 32,000000 32,000000 -20,200000
229 1631356151 -0,007508 133,200000 31,000000 31,000000 -20,200000
229 1631356152 -0,007508 133,200000 30,000000 30,000000 -20,200000
229 1631356153 -0,007508 133,200000 29,000000 29,000000 -20,200000
229 1631356154 -0,007508 133,200000 28,000000 28,000000 -20,200000
229 1631356155 -0,007474 133,800000 27,000000 27,000000 -20,200000
229 1631356156 -0,007474 133,800000 26,000000 26,000000 -20,200000
229 1631356157 -0,007474 133,800000 25,000000 25,000000 -20,200000
229 1631356158 -0,007474 133,800000 24,000000 24,000000 -20,200000
229 1631356159 -0,007474 133,800000 23,000000 23,000000 -20,200000
229 1631356160 0,000000 134,400000 23,000000 23,000000 -20,200000
229 1631356161 0,000000 134,400000 23,000000 23,000000 -20,200000
229 1631356162 0,000000 134,400000 23,000000 23,000000 -20,200000
229 1631356163 0,000000 134,400000 23,000000 23,000000 -20,200000
229 1631356164 0,000000 134,400000 23,000000 23,000000 -20,200000
229 1631356165 0,010386 134,800000 24,400000 24,400000 -20,200000
229 1631356166 0,010386 134,800000 25,800000 25,800000 -20,200000
229 1631356167 0,010386 134,800000 27,200000 27,200000 -20,200000
229 1631356168 0,010386 134,800000 28,600000 28,600000 -20,200000
229 1631356169 0,010386 134,800000 30,000000 30,000000 -20,200000
229 1631356170 -0,002963 135,000000 29,600000 29,600000 -20,200000
229 1631356171 -0,002963 135,000000 29,200000 29,200000 -20,200000
229 1631356172 -0,002963 135,000000 28,800000 28,800000 -20,200000
229 1631356173 -0,002963 135,000000 28,400000 28,400000 -20,200000
229 1631356174 -0,002963 135,000000 28,000000 28,000000 -20,200000
229 1631356175 -0,010324 135,600000 26,600000 26,600000 -20,200000
229 1631356176 -0,010324 135,600000 25,200000 25,200000 -20,200000
229 1631356177 -0,010324 135,600000 23,800000 23,800000 -20,200000
229 1631356178 -0,010324 135,600000 22,400000 22,400000 -20,200000
229 1631356179 -0,010324 135,600000 21,000000 21,000000 -20,200000
229 1631356180 0,002937 136,200000 21,400000 21,400000 -20,200000
229 1631356181 0,002937 136,200000 21,800000 21,800000 -20,200000
229 1631356182 0,002937 136,200000 22,200000 22,200000 -20,200000
229 1631356183 0,002937 136,200000 22,600000 22,600000 -20,200000
229 1631356184 0,002937 136,200000 23,000000 23,000000 -20,200000
229 1631356185 0,011696 136,800000 24,600000 24,600000 -20,200000
229 1631356186 0,011696 136,800000 26,200000 26,200000 -20,200000
229 1631356187 0,011696 136,800000 27,800000 27,800000 -20,200000
229 1631356188 0,011696 136,800000 29,400000 29,400000 -20,200000
229 1631356189 0,011696 136,800000 31,000000 31,000000 -20,200000
229 1631356190 0,001456 137,400000 31,200000 31,200000 -20,200000
229 1631356191 0,001456 137,400000 31,400000 31,400000 -20,200000
229 1631356192 0,001456 137,400000 31,600000 31,600000 -20,200000
229 1631356193 0,001456 137,400000 31,800000 31,800000 -20,200000
229 1631356194 0,001456 137,400000 32,000000 32,000000 -20,200000
229 1631356195 -0,017341 138,400000 29,600000 29,600000 -20,200000
229 1631356196 -0,017341 138,400000 27,200000 27,200000 -20,200000
229 1631356197 -0,017341 138,400000 24,800000 24,800000 -20,200000
229 1631356198 -0,017341 138,400000 22,400000 22,400000 -20,200000
229 1631356199 -0,017341 138,400000 20,000000 20,000000 -20,200000
229 1631356200 0,002878 139,000000 20,400000 20,400000 -20,200000
229 1631356201 0,002878 139,000000 20,800000 20,800000 -20,200000
229 1631356202 0,002878 139,000000 21,200000 21,200000 -20,200000
229 1631356203 0,002878 139,000000 21,600000 21,600000 -20,200000
229 1631356204 0,002878 139,000000 22,000000 22,000000 -20,200000
229 1631356205 0,007174 139,400000 23,000000 23,000000 -20,200000
229 1631356206 0,007174 139,400000 24,000000 24,000000 -20,200000
229 1631356207 0,007174 139,400000 25,000000 25,000000 -20,200000
229 1631356208 0,007174 139,400000 26,000000 26,000000 -20,200000
229 1631356209 0,007174 139,400000 27,000000 27,000000 -20,200000
229 1631356210 0,005722 139,800000 27,800000 27,800000 -20,200000
229 1631356211 0,005722 139,800000 28,600000 28,600000 -20,200000
229 1631356212 0,005722 139,800000 29,400000 29,400000 -20,200000
229 1631356213 0,005722 139,800000 30,200000 30,200000 -20,200000
229 1631356214 0,005722 139,800000 31,000000 31,000000 -20,200000
229 1631356215 -0,008535 140,600000 29,800000 29,800000 -20,200000
229 1631356216 -0,008535 140,600000 28,600000 28,600000 -20,200000
229 1631356217 -0,008535 140,600000 27,400000 27,400000 -20,200000
229 1631356218 -0,008535 140,600000 26,200000 26,200000 -20,200000
229 1631356219 -0,008535 140,600000 25,000000 25,000000 -20,200000
229 1631356220 0,000000 142,400000 25,000000 25,000000 -20,200000
229 1631356221 0,000000 142,400000 25,000000 25,000000 -20,200000
229 1631356222 0,000000 142,400000 25,000000 25,000000 -20,200000
229 1631356223 0,000000 142,400000 25,000000 25,000000 -20,200000
229 1631356224 0,000000 142,400000 25,000000 25,000000 -20,200000
229 1631356225 0,002797 143,000000 25,400000 25,400000 -20,200000
229 1631356226 0,002797 143,000000 25,800000 25,800000 -20,200000
229 1631356227 0,002797 143,000000 26,200000 26,200000 -20,200000
229 1631356228 0,002797 143,000000 26,600000 26,600000 -20,200000
229 1631356229 0,002797 143,000000 27,000000 27,000000 -20,200000
229 1631356230 0,004190 143,200000 27,600000 27,600000 -20,200000
229 1631356231 0,004190 143,200000 28,200000 28,200000 -20,200000
229 1631356232 0,004190 143,200000 28,800000 28,800000 -20,200000
229 1631356233 0,004190 143,200000 29,400000 29,400000 -20,200000
229 1631356234 0,004190 143,200000 30,000000 30,000000 -20,200000
229 1631356235 -0,006954 143,800000 29,000000 29,000000 -20,200000
229 1631356236 -0,006954 143,800000 28,000000 28,000000 -20,200000
229 1631356237 -0,006954 143,800000 27,000000 27,000000 -20,200000
229 1631356238 -0,006954 143,800000 26,000000 26,000000 -20,200000
229 1631356239 -0,006954 143,800000 25,000000 25,000000 -20,200000
229 1631356240 -0,004138 145,000000 24,400000 24,400000 -20,200000
229 1631356241 -0,004138 145,000000 23,800000 23,800000 -20,200000
229 1631356242 -0,004138 145,000000 23,200000 23,200000 -20,200000
229 1631356243 -0,004138 145,000000 22,600000 22,600000 -20,200000
229 1631356244 -0,004138 145,000000 22,000000 22,000000 -20,200000
229 1631356245 0,006878 145,400000 23,000000 23,000000 -20,200000
229 1631356246 0,006878 145,400000 24,000000 24,000000 -20,200000
229 1631356247 0,006878 145,400000 25,000000 25,000000 -20,200000
229 1631356248 0,006878 145,400000 26,000000 26,000000 -20,200000
229 1631356249 0,006878 145,400000 27,000000 27,000000 -20,200000
229 1631356250 0,004121 145,600000 27,600000 27,600000 -20,200000
229 1631356251 0,004121 145,600000 28,200000 28,200000 -20,200000
229 1631356252 0,004121 145,600000 28,800000 28,800000 -20,200000
229 1631356253 0,004121 145,600000 29,400000 29,400000 -20,200000
229 1631356254 0,004121 145,600000 30,000000 30,000000 -20,200000
229 1631356255 -0,009589 146,000000 28,600000 28,600000 -20,200000
229 1631356256 -0,009589 146,000000 27,200000 27,200000 -20,200000
229 1631356257 -0,009589 146,000000 25,800000 25,800000 -20,200000
229 1631356258 -0,009589 146,000000 24,400000 24,400000 -20,200000
229 1631356259 -0,009589 146,000000 23,000000 23,000000 -20,200000
229 1631356260 0,001359 147,200000 23,200000 23,200000 -20,200000
229 1631356261 0,001359 147,200000 23,400000 23,400000 -20,200000
229 1631356262 0,001359 147,200000 23,600000 23,600000 -20,200000
229 1631356263 0,001359 147,200000 23,800000 23,800000 -20,200000
229 1631356264 0,001359 147,200000 24,000000 24,000000 -20,200000
229 1631356326 0,000000 0,500000 22,000000 22,000000 5100,500000
229 1631356325 0,000000 0,500000 22,000000 22,000000 5100,500000
229 1631356324 -1,000000 0,200000 22,000000 22,000000 2040,208000
229 1631356323 -1,000000 0,200000 22,200000 22,200000 2040,208000
229 1631356322 -1,000000 0,200000 22,400000 22,400000 2040,208000
229 1631356321 -1,000000 0,200000 22,600000 22,600000 2040,208000
229 1631356320 -1,000000 0,200000 22,800000 22,800000 2040,208000
229 1631356319 -7,000000 0,200000 23,000000 23,000000 2040,592000
229 1631356318 -7,000000 0,200000 24,400000 24,400000 2040,592000
229 1631356317 -7,000000 0,200000 25,800000 25,800000 2040,592000
229 1631356316 -7,000000 0,200000 27,200000 27,200000 2040,592000
229 1631356315 -7,000000 0,200000 28,600000 28,600000 2040,592000
229 1631356314 3,000000 0,200000 30,000000 30,000000 2040,272000
229 1631356313 3,000000 0,200000 29,400000 29,400000 2040,272000
229 1631356312 3,000000 0,200000 28,800000 28,800000 2040,272000
229 1631356311 3,000000 0,200000 28,200000 28,200000 2040,272000
229 1631356310 3,000000 0,200000 27,600000 27,600000 2040,272000
229 1631356309 5,000000 0,200000 27,000000 27,000000 2040,400000
229 1631356308 5,000000 0,200000 26,000000 26,000000 2040,400000
229 1631356307 5,000000 0,200000 25,000000 25,000000 2040,400000
229 1631356306 5,000000 0,200000 24,000000 24,000000 2040,400000
229 1631356305 5,000000 0,200000 23,000000 23,000000 2040,400000
229 1631356304 -4,000000 0,200000 22,000000 22,000000 2040,328000
229 1631356303 -4,000000 0,200000 22,800000 22,800000 2040,328000
229 1631356302 -4,000000 0,200000 23,600000 23,600000 2040,328000
229 1631356301 -4,000000 0,200000 24,400000 24,400000 2040,328000
229 1631356300 -4,000000 0,200000 25,200000 25,200000 2040,328000
229 1631356299 -5,000000 0,200000 26,000000 26,000000 2040,400000
229 1631356298 -5,000000 0,200000 27,000000 27,000000 2040,400000
229 1631356297 -5,000000 0,200000 28,000000 28,000000 2040,400000
229 1631356296 -5,000000 0,200000 29,000000 29,000000 2040,400000
229 1631356295 -5,000000 0,200000 30,000000 30,000000 2040,400000
229 1631356294 3,000000 0,200000 31,000000 31,000000 2040,272000
229 1631356293 3,000000 0,200000 30,400000 30,400000 2040,272000
229 1631356292 3,000000 0,200000 29,800000 29,800000 2040,272000
229 1631356291 3,000000 0,200000 29,200000 29,200000 2040,272000
229 1631356290 3,000000 0,200000 28,600000 28,600000 2040,272000
229 1631356289 6,000000 0,200000 28,000000 28,000000 2040,488000
229 1631356288 6,000000 0,200000 26,800000 26,800000 2040,488000
229 1631356287 6,000000 0,200000 25,600000 25,600000 2040,488000
229 1631356286 6,000000 0,200000 24,400000 24,400000 2040,488000
229 1631356285 6,000000 0,200000 23,200000 23,200000 2040,488000
229 1631356284 -2,000000 0,200000 22,000000 22,000000 2040,232000
229 1631356283 -2,000000 0,200000 22,400000 22,400000 2040,232000
229 1631356282 -2,000000 0,200000 22,800000 22,800000 2040,232000
229 1631356281 -2,000000 0,200000 23,200000 23,200000 2040,232000
229 1631356280 -2,000000 0,200000 23,600000 23,600000 2040,232000
229 1631356279 -6,000000 0,200000 24,000000 24,000000 2040,488000
229 1631356278 -6,000000 0,200000 25,200000 25,200000 2040,488000
229 1631356277 -6,000000 0,200000 26,400000 26,400000 2040,488000
229 1631356276 -6,000000 0,200000 27,600000 27,600000 2040,488000
229 1631356275 -6,000000 0,200000 28,800000 28,800000 2040,488000
229 1631356274 -1,000000 0,200000 30,000000 30,000000 2040,208000
229 1631356273 -1,000000 0,200000 30,200000 30,200000 2040,208000
229 1631356272 -1,000000 0,200000 30,400000 30,400000 2040,208000
229 1631356271 -1,000000 0,200000 30,600000 30,600000 2040,208000
229 1631356270 -1,000000 0,200000 30,800000 30,800000 2040,208000
229 1631356269 7,000000 0,200000 31,000000 31,000000 2040,592000
229 1631356268 7,000000 0,200000 29,600000 29,600000 2040,592000
229 1631356267 7,000000 0,200000 28,200000 28,200000 2040,592000
229 1631356266 7,000000 0,200000 26,800000 26,800000 2040,592000
229 1631356265 7,000000 0,200000 25,400000 25,400000 2040,592000
229 1631356265 0,009434 148,400000 25,400000 25,400000 -20,200000
229 1631356266 0,009434 148,400000 26,800000 26,800000 -20,200000
229 1631356267 0,009434 148,400000 28,200000 28,200000 -20,200000
229 1631356268 0,009434 148,400000 29,600000 29,600000 -20,200000
229 1631356269 0,009434 148,400000 31,000000 31,000000 -20,200000
229 1631356270 -0,001340 149,200000 30,800000 30,800000 -20,200000
229 1631356271 -0,001340 149,200000 30,600000 30,600000 -20,200000
229 1631356272 -0,001340 149,200000 30,400000 30,400000 -20,200000
229 1631356273 -0,001340 149,200000 30,200000 30,200000 -20,200000
229 1631356274 -0,001340 149,200000 30,000000 30,000000 -20,200000
229 1631356275 -0,008021 149,600000 28,800000 28,800000 -20,200000
229 1631356276 -0,008021 149,600000 27,600000 27,600000 -20,200000
229 1631356277 -0,008021 149,600000 26,400000 26,400000 -20,200000
229 1631356278 -0,008021 149,600000 25,200000 25,200000 -20,200000
229 1631356279 -0,008021 149,600000 24,000000 24,000000 -20,200000
229 1631356280 -0,002660 150,400000 23,600000 23,600000 -20,200000
229 1631356281 -0,002660 150,400000 23,200000 23,200000 -20,200000
229 1631356282 -0,002660 150,400000 22,800000 22,800000 -20,200000
229 1631356283 -0,002660 150,400000 22,400000 22,400000 -20,200000
229 1631356284 -0,002660 150,400000 22,000000 22,000000 -20,200000
229 1631356285 0,007947 151,000000 23,200000 23,200000 -20,200000
229 1631356286 0,007947 151,000000 24,400000 24,400000 -20,200000
229 1631356287 0,007947 151,000000 25,600000 25,600000 -20,200000
229 1631356288 0,007947 151,000000 26,800000 26,800000 -20,200000
229 1631356289 0,007947 151,000000 28,000000 28,000000 -20,200000
229 1631356290 0,003963 151,400000 28,600000 28,600000 -20,200000
229 1631356291 0,003963 151,400000 29,200000 29,200000 -20,200000
229 1631356292 0,003963 151,400000 29,800000 29,800000 -20,200000
229 1631356293 0,003963 151,400000 30,400000 30,400000 -20,200000
229 1631356294 0,003963 151,400000 31,000000 31,000000 -20,200000
229 1631356295 -0,006562 152,400000 30,000000 30,000000 -20,200000
229 1631356296 -0,006562 152,400000 29,000000 29,000000 -20,200000
229 1631356297 -0,006562 152,400000 28,000000 28,000000 -20,200000
229 1631356298 -0,006562 152,400000 27,000000 27,000000 -20,200000
229 1631356299 -0,006562 152,400000 26,000000 26,000000 -20,200000
229 1631356300 -0,005215 153,400000 25,200000 25,200000 -20,200000
229 1631356301 -0,005215 153,400000 24,400000 24,400000 -20,200000
229 1631356302 -0,005215 153,400000 23,600000 23,600000 -20,200000
229 1631356303 -0,005215 153,400000 22,800000 22,800000 -20,200000
229 1631356304 -0,005215 153,400000 22,000000 22,000000 -20,200000
229 1631356305 0,006502 153,800000 23,000000 23,000000 -20,200000
229 1631356306 0,006502 153,800000 24,000000 24,000000 -20,200000
229 1631356307 0,006502 153,800000 25,000000 25,000000 -20,200000
229 1631356308 0,006502 153,800000 26,000000 26,000000 -20,200000
229 1631356309 0,006502 153,800000 27,000000 27,000000 -20,200000
229 1631356310 0,003896 154,000000 27,600000 27,600000 -20,200000
229 1631356311 0,003896 154,000000 28,200000 28,200000 -20,200000
229 1631356312 0,003896 154,000000 28,800000 28,800000 -20,200000
229 1631356313 0,003896 154,000000 29,400000 29,400000 -20,200000
229 1631356314 0,003896 154,000000 30,000000 30,000000 -20,200000
229 1631356315 -0,009067 154,400000 28,600000 28,600000 -20,200000
229 1631356316 -0,009067 154,400000 27,200000 27,200000 -20,200000
229 1631356317 -0,009067 154,400000 25,800000 25,800000 -20,200000
229 1631356318 -0,009067 154,400000 24,400000 24,400000 -20,200000
229 1631356319 -0,009067 154,400000 23,000000 23,000000 -20,200000
229 1631356320 -0,001289 155,200000 22,800000 22,800000 -20,200000
229 1631356321 -0,001289 155,200000 22,600000 22,600000 -20,200000
229 1631356322 -0,001289 155,200000 22,400000 22,400000 -20,200000
229 1631356323 -0,001289 155,200000 22,200000 22,200000 -20,200000
229 1631356324 -0,001289 155,200000 22,000000 22,000000 -20,200000
229 1631356325 0,006427 155,600000 23,000000 23,000000 -20,200000
229 1631356326 0,006427 155,600000 24,000000 24,000000 -20,200000
229 1631356327 0,006427 155,600000 25,000000 25,000000 -20,200000
229 1631356328 0,006427 155,600000 26,000000 26,000000 -20,200000
229 1631356329 0,006427 155,600000 27,000000 27,000000 -20,200000
229 1631356330 0,005128 156,000000 27,800000 27,800000 -20,200000
229 1631356331 0,005128 156,000000 28,600000 28,600000 -20,200000
229 1631356332 0,005128 156,000000 29,400000 29,400000 -20,200000
229 1631356333 0,005128 156,000000 30,200000 30,200000 -20,200000
229 1631356334 0,005128 156,000000 31,000000 31,000000 -20,200000
229 1631356335 -0,008940 156,600000 29,600000 29,600000 -20,200000
229 1631356336 -0,008940 156,600000 28,200000 28,200000 -20,200000
229 1631356337 -0,008940 156,600000 26,800000 26,800000 -20,200000
229 1631356338 -0,008940 156,600000 25,400000 25,400000 -20,200000
229 1631356339 -0,008940 156,600000 24,000000 24,000000 -20,200000
229 1631356340 0,006337 157,800000 25,000000 25,000000 -20,200000
229 1631356341 0,006337 157,800000 26,000000 26,000000 -20,200000
229 1631356342 0,006337 157,800000 27,000000 27,000000 -20,200000
229 1631356343 0,006337 157,800000 28,000000 28,000000 -20,200000
229 1631356344 0,006337 157,800000 29,000000 29,000000 -20,200000
229 1631356345 -0,002522 158,600000 28,600000 28,600000 -20,200000
229 1631356346 -0,002522 158,600000 28,200000 28,200000 -20,200000
229 1631356347 -0,002522 158,600000 27,800000 27,800000 -20,200000
229 1631356348 -0,002522 158,600000 27,400000 27,400000 -20,200000
229 1631356349 -0,002522 158,600000 27,000000 27,000000 -20,200000
229 1631356350 0,003778 158,800000 27,600000 27,600000 -20,200000
229 1631356351 0,003778 158,800000 28,200000 28,200000 -20,200000
229 1631356352 0,003778 158,800000 28,800000 28,800000 -20,200000
229 1631356353 0,003778 158,800000 29,400000 29,400000 -20,200000
229 1631356354 0,003778 158,800000 30,000000 30,000000 -20,200000
229 1631356355 -0,007528 159,400000 28,800000 28,800000 -20,200000
229 1631356356 -0,007528 159,400000 27,600000 27,600000 -20,200000
229 1631356357 -0,007528 159,400000 26,400000 26,400000 -20,200000
229 1631356358 -0,007528 159,400000 25,200000 25,200000 -20,200000
229 1631356359 -0,007528 159,400000 24,000000 24,000000 -20,200000
229 1631356360 -0,001247 160,400000 23,800000 23,800000 -20,200000
229 1631356422 -17,000000 0,333333 0,000000 0,000000 3411,037037
229 1631356421 -17,000000 0,333333 5,666667 5,666667 3411,037037
229 1631356420 -17,000000 0,333333 11,333333 11,333333 3411,037037
229 1631356419 -4,000000 0,200000 17,000000 17,000000 2040,328000
229 1631356418 -4,000000 0,200000 17,800000 17,800000 2040,328000
229 1631356417 -4,000000 0,200000 18,600000 18,600000 2040,328000
229 1631356416 -4,000000 0,200000 19,400000 19,400000 2040,328000
229 1631356415 -4,000000 0,200000 20,200000 20,200000 2040,328000
229 1631356414 0,000000 0,200000 21,000000 21,000000 2040,200000
229 1631356413 0,000000 0,200000 21,000000 21,000000 2040,200000
229 1631356412 0,000000 0,200000 21,000000 21,000000 2040,200000
229 1631356411 0,000000 0,200000 21,000000 21,000000 2040,200000
229 1631356410 0,000000 0,200000 21,000000 21,000000 2040,200000
229 1631356409 5,000000 0,200000 21,000000 21,000000 2040,400000
229 1631356408 5,000000 0,200000 20,000000 20,000000 2040,400000
229 1631356407 5,000000 0,200000 19,000000 19,000000 2040,400000
229 1631356406 5,000000 0,200000 18,000000 18,000000 2040,400000
229 1631356405 5,000000 0,200000 17,000000 17,000000 2040,400000
229 1631356404 -8,000000 0,200000 16,000000 16,000000 2040,712000
229 1631356403 -8,000000 0,200000 17,600000 17,600000 2040,712000
229 1631356402 -8,000000 0,200000 19,200000 19,200000 2040,712000
229 1631356401 -8,000000 0,200000 20,800000 20,800000 2040,712000
229 1631356400 -8,000000 0,200000 22,400000 22,400000 2040,712000
229 1631356399 -6,000000 0,200000 24,000000 24,000000 2040,488000
229 1631356398 -6,000000 0,200000 25,200000 25,200000 2040,488000
229 1631356397 -6,000000 0,200000 26,400000 26,400000 2040,488000
229 1631356396 -6,000000 0,200000 27,600000 27,600000 2040,488000
229 1631356395 -6,000000 0,200000 28,800000 28,800000 2040,488000
229 1631356394 3,000000 0,200000 30,000000 30,000000 2040,272000
229 1631356393 3,000000 0,200000 29,400000 29,400000 2040,272000
229 1631356392 3,000000 0,200000 28,800000 28,800000 2040,272000
229 1631356391 3,000000 0,200000 28,200000 28,200000 2040,272000
229 1631356390 3,000000 0,200000 27,600000 27,600000 2040,272000
229 1631356389 5,000000 0,200000 27,000000 27,000000 2040,400000
229 1631356388 5,000000 0,200000 26,000000 26,000000 2040,400000
229 1631356387 5,000000 0,200000 25,000000 25,000000 2040,400000
229 1631356386 5,000000 0,200000 24,000000 24,000000 2040,400000
229 1631356385 5,000000 0,200000 23,000000 23,000000 2040,400000
229 1631356384 -1,000000 0,200000 22,000000 22,000000 2040,208000
229 1631356383 -1,000000 0,200000 22,200000 22,200000 2040,208000
229 1631356382 -1,000000 0,200000 22,400000 22,400000 2040,208000
229 1631356381 -1,000000 0,200000 22,600000 22,600000 2040,208000
229 1631356380 -1,000000 0,200000 22,800000 22,800000 2040,208000
229 1631356379 -10,000000 0,200000 23,000000 23,000000 2041,000000
229 1631356378 -10,000000 0,200000 25,000000 25,000000 2041,000000
229 1631356377 -10,000000 0,200000 27,000000 27,000000 2041,000000
229 1631356376 -10,000000 0,200000 29,000000 29,000000 2041,000000
229 1631356375 -10,000000 0,200000 31,000000 31,000000 2041,000000
229 1631356374 2,000000 0,200000 33,000000 33,000000 2040,232000
229 1631356373 2,000000 0,200000 32,600000 32,600000 2040,232000
229 1631356372 2,000000 0,200000 32,200000 32,200000 2040,232000
229 1631356371 2,000000 0,200000 31,800000 31,800000 2040,232000
229 1631356370 2,000000 0,200000 31,400000 31,400000 2040,232000
229 1631356369 8,000000 0,200000 31,000000 31,000000 2040,712000
229 1631356368 8,000000 0,200000 29,400000 29,400000 2040,712000
229 1631356367 8,000000 0,200000 27,800000 27,800000 2040,712000
229 1631356366 8,000000 0,200000 26,200000 26,200000 2040,712000
229 1631356365 8,000000 0,200000 24,600000 24,600000 2040,712000
229 1631356364 -1,000000 0,200000 23,000000 23,000000 2040,208000
229 1631356363 -1,000000 0,200000 23,200000 23,200000 2040,208000
229 1631356362 -1,000000 0,200000 23,400000 23,400000 2040,208000
229 1631356361 -1,000000 0,200000 23,600000 23,600000 2040,208000
