221 1631355135 1083,800000 -1,000000 -101,000000 0,000000 0,000000
221 1631355136 1083,800000 -1,000000 -101,000000 0,000000 0,000000
221 1631355137 1083,800000 -1,000000 -101,000000 0,000000 0,000000
221 1631355138 1083,800000 -1,000000 -101,000000 0,000000 0,000000
221 1631355139 1083,800000 -1,000000 -101,000000 0,000000 0,000000
221 1631355140 28605,800000 -1,000000 -101,000000 0,000000 0,000000
221 1631355141 28605,800000 -1,000000 -101,000000 0,000000 0,000000
221 1631355142 28605,800000 -1,000000 -101,000000 0,000000 0,000000
221 1631355143 28605,800000 -1,000000 -101,000000 0,000000 0,000000
221 1631355144 28605,800000 -1,000000 -101,000000 0,000000 0,000000
221 1631355145 6184,000000 -1,000000 -101,000000 0,000000 0,000000
221 1631355146 6184,000000 -1,000000 -101,000000 0,000000 0,000000
221 1631355147 6184,000000 -1,000000 -101,000000 0,000000 0,000000
221 1631355148 6184,000000 -1,000000 -101,000000 0,000000 0,000000
221 1631355149 6184,000000 -1,000000 -101,000000 0,000000 0,000000
221 1631355150 27764,400000 -1,000000 -101,000000 0,000000 0,000000
221 1631355151 27764,400000 -1,000000 -101,000000 0,000000 0,000000
221 1631355152 27764,400000 -1,000000 -101,000000 0,000000 0,000000
221 1631355153 27764,400000 -1,000000 -101,000000 0,000000 0,000000
221 1631355154 27764,400000 -1,000000 -101,000000 0,000000 0,000000
221 1631355155 5827,800000 -1,000000 -101,000000 0,000000 0,000000
221 1631355156 5827,800000 -1,000000 -101,000000 0,000000 0,000000
221 1631355157 5827,800000 -1,000000 -101,000000 0,000000 0,000000
221 1631355158 5827,800000 -1,000000 -101,000000 0,000000 0,000000
221 1631355159 5827,800000 -1,000000 -101,000000 0,000000 0,000000
221 1631355160 4218,800000 -1,000000 -101,000000 0,000000 0,000000
221 1631355161 4218,800000 -1,000000 -101,000000 0,000000 0,000000
221 1631355162 4218,800000 -1,000000 -101,000000 0,000000 0,000000
221 1631355163 4218,800000 -1,000000 -101,000000 0,000000 0,000000
221 1631355164 4218,800000 -1,000000 -101,000000 0,000000 0,000000
221 1631355165 5891,600000 -1,000000 -101,000000 0,000000 0,000000
221 1631355166 5891,600000 -1,000000 -101,000000 0,000000 0,000000
221 1631355167 5891,600000 -1,000000 -101,000000 0,000000 0,000000
221 1631355168 5891,600000 -1,000000 -101,000000 0,000000 0,000000
221 1631355169 5891,600000 -1,000000 -101,000000 0,000000 0,000000
221 1631355170 54448,000000 -1,000000 -101,000000 0,000000 0,000000
221 1631355171 54448,000000 -1,000000 -101,000000 0,000000 0,000000
221 1631355172 54448,000000 -1,000000 -101,000000 0,000000 0,000000
221 1631355173 54448,000000 -1,000000 -101,000000 0,000000 0,000000
221 1631355174 54448,000000 -1,000000 -101,000000 0,000000 0,000000
221 1631355175 28473,400000 -1,000000 -101,000000 0,000000 0,000000
221 1631355176 28473,400000 -1,000000 -101,000000 0,000000 0,000000
221 1631355177 28473,400000 -1,000000 -101,000000 0,000000 0,000000
221 1631355178 28473,400000 -1,000000 -101,000000 0,000000 0,000000
221 1631355179 28473,400000 -1,000000 -101,000000 0,000000 0,000000
221 1631355180 30413,600000 -1,000000 -101,000000 0,000000 0,000000
221 1631355181 30413,600000 -1,000000 -101,000000 0,000000 0,000000
221 1631355182 30413,600000 -1,000000 -101,000000 0,000000 0,000000
221 1631355183 30413,600000 -1,000000 -101,000000 0,000000 0,000000
221 1631355184 30413,600000 -1,000000 -101,000000 0,000000 0,000000
221 1631355185 7919,000000 -1,000000 -101,000000 0,000000 0,000000
221 1631355186 7919,000000 -1,000000 -101,000000 0,000000 0,000000
221 1631355187 7919,000000 -1,000000 -101,000000 0,000000 0,000000
221 1631355188 7919,000000 -1,000000 -101,000000 0,000000 0,000000
221 1631355189 7919,000000 -1,000000 -101,000000 0,000000 0,000000
221 1631355190 21496,400000 -1,000000 -101,000000 0,000000 0,000000
221 1631355191 21496,400000 -1,000000 -101,000000 0,000000 0,000000
221 1631355192 21496,400000 -1,000000 -101,000000 0,000000 0,000000
221 1631355193 21496,400000 -1,000000 -101,000000 0,000000 0,000000
221 1631355194 21496,400000 -1,000000 -101,000000 0,000000 0,000000
221 1631355195 17620,800000 -1,000000 -101,000000 0,000000 0,000000
221 1631355196 17620,800000 -1,000000 -101,000000 0,000000 0,000000
221 1631355197 17620,800000 -1,000000 -101,000000 0,000000 0,000000
221 1631355198 17620,800000 -1,000000 -101,000000 0,000000 0,000000
221 1631355199 17620,800000 -1,000000 -101,000000 0,000000 0,000000
221 1631355200 1639,800000 -1,000000 -101,000000 0,000000 0,000000
221 1631355201 1639,800000 -1,000000 -101,000000 0,000000 0,000000
221 1631355202 1639,800000 -1,000000 -101,000000 0,000000 0,000000
221 1631355203 1639,800000 -1,000000 -101,000000 0,000000 0,000000
221 1631355204 1639,800000 -1,000000 -101,000000 0,000000 0,000000
221 1631355205 4783,400000 -1,000000 -101,000000 0,000000 0,000000
221 1631355206 4783,400000 -1,000000 -101,000000 0,000000 0,000000
221 1631355207 4783,400000 -1,000000 -101,000000 0,000000 0,000000
221 1631355208 4783,400000 -1,000000 -101,000000 0,000000 0,000000
221 1631355209 4783,400000 -1,000000 -101,000000 0,000000 0,000000
221 1631355210 26491,000000 -1,000000 -101,000000 0,000000 0,000000
221 1631355211 26491,000000 -1,000000 -101,000000 0,000000 0,000000
221 1631355212 26491,000000 -1,000000 -101,000000 0,000000 0,000000
221 1631355213 26491,000000 -1,000000 -101,000000 0,000000 0,000000
221 1631355214 26491,000000 -1,000000 -101,000000 0,000000 0,000000
221 1631355215 44190,000000 -1,000000 -101,000000 0,000000 0,000000
221 1631355216 44190,000000 -1,000000 -101,000000 0,000000 0,000000
221 1631355217 44190,000000 -1,000000 -101,000000 0,000000 0,000000
221 1631355218 44190,000000 -1,000000 -101,000000 0,000000 0,000000
221 1631355219 44190,000000 -1,000000 -101,000000 0,000000 0,000000
221 1631355220 5702,600000 -1,000000 -101,000000 0,000000 0,000000
221 1631355221 5702,600000 -1,000000 -101,000000 0,000000 0,000000
221 1631355222 5702,600000 -1,000000 -101,000000 0,000000 0,000000
221 1631355223 5702,600000 -1,000000 -101,000000 0,000000 0,000000
221 1631355224 5702,600000 -1,000000 -101,000000 0,000000 0,000000
221 1631355225 25898,400000 -1,000000 -101,000000 0,000000 0,000000
221 1631355226 25898,400000 -1,000000 -101,000000 0,000000 0,000000
221 1631355227 25898,400000 -1,000000 -101,000000 0,000000 0,000000
221 1631355228 25898,400000 -1,000000 -101,000000 0,000000 0,000000
221 1631355229 25898,400000 -1,000000 -101,000000 0,000000 0,000000
221 1631355230 27395,000000 -1,000000 -101,000000 0,000000 0,000000
221 1631355231 27395,000000 -1,000000 -101,000000 0,000000 0,000000
221 1631355232 27395,000000 -1,000000 -101,000000 0,000000 0,000000
221 1631355233 27395,000000 -1,000000 -101,000000 0,000000 0,000000
221 1631355234 27395,000000 -1,000000 -101,000000 0,000000 0,000000
221 1631355235 23625,800000 -1,000000 -101,000000 0,000000 0,000000
221 1631355236 23625,800000 -1,000000 -101,000000 0,000000 0,000000
221 1631355237 23625,800000 -1,000000 -101,000000 0,000000 0,000000
221 1631355238 23625,800000 -1,000000 -101,000000 0,000000 0,000000
221 1631355239 23625,800000 -1,000000 -101,000000 0,000000 0,000000
221 1631355240 1639,000000 -1,000000 -101,000000 0,000000 0,000000
221 1631355241 1639,000000 -1,000000 -101,000000 0,000000 0,000000
221 1631355242 1639,000000 -1,000000 -101,000000 0,000000 0,000000
221 1631355243 1639,000000 -1,000000 -101,000000 0,000000 0,000000
221 1631355244 1639,000000 -1,000000 -101,000000 0,000000 0,000000
221 1631355245 26552,600000 -1,000000 -101,000000 0,000000 0,000000
221 1631355246 26552,600000 -1,000000 -101,000000 0,000000 0,000000
221 1631355247 26552,600000 -1,000000 -101,000000 0,000000 0,000000
221 1631355248 26552,600000 -1,000000 -101,000000 0,000000 0,000000
221 1631355249 26552,600000 -1,000000 -101,000000 0,000000 0,000000
221 1631355250 26946,600000 -1,000000 -101,000000 0,000000 0,000000
221 1631355251 26946,600000 -1,000000 -101,000000 0,000000 0,000000
221 1631355252 26946,600000 -1,000000 -101,000000 0,000000 0,000000
221 1631355253 26946,600000 -1,000000 -101,000000 0,000000 0,000000
221 1631355254 26946,600000 -1,000000 -101,000000 0,000000 0,000000
221 1631355255 37165,000000 -1,000000 -101,000000 0,000000 0,000000
221 1631355256 37165,000000 -1,000000 -101,000000 0,000000 0,000000
221 1631355257 37165,000000 -1,000000 -101,000000 0,000000 0,000000
221 1631355258 37165,000000 -1,000000 -101,000000 0,000000 0,000000
221 1631355259 37165,000000 -1,000000 -101,000000 0,000000 0,000000
221 1631355260 1638,200000 -1,000000 -101,000000 0,000000 0,000000
221 1631355261 1638,200000 -1,000000 -101,000000 0,000000 0,000000
221 1631355262 1638,200000 -1,000000 -101,000000 0,000000 0,000000
221 1631355263 1638,200000 -1,000000 -101,000000 0,000000 0,000000
221 1631355264 1638,200000 -1,000000 -101,000000 0,000000 0,000000
221 1631355265 5341,000000 -1,000000 -101,000000 0,000000 0,000000
221 1631355266 5341,000000 -1,000000 -101,000000 0,000000 0,000000
221 1631355267 5341,000000 -1,000000 -101,000000 0,000000 0,000000
221 1631355268 5341,000000 -1,000000 -101,000000 0,000000 0,000000
221 1631355269 5341,000000 -1,000000 -101,000000 0,000000 0,000000
221 1631355270 21840,600000 -1,000000 -101,000000 0,000000 0,000000
221 1631355271 21840,600000 -1,000000 -101,000000 0,000000 0,000000
221 1631355272 21840,600000 -1,000000 -101,000000 0,000000 0,000000
221 1631355273 21840,600000 -1,000000 -101,000000 0,000000 0,000000
221 1631355274 21840,600000 -1,000000 -101,000000 0,000000 0,000000
221 1631355275 19078,000000 -1,000000 -101,000000 0,000000 0,000000
221 1631355276 19078,000000 -1,000000 -101,000000 0,000000 0,000000
221 1631355277 19078,000000 -1,000000 -101,000000 0,000000 0,000000
221 1631355278 19078,000000 -1,000000 -101,000000 0,000000 0,000000
221 1631355279 19078,000000 -1,000000 -101,000000 0,000000 0,000000
221 1631355280 1640,200000 -1,000000 -101,000000 0,000000 0,000000
221 1631355281 1640,200000 -1,000000 -101,000000 0,000000 0,000000
221 1631355282 1640,200000 -1,000000 -101,000000 0,000000 0,000000
221 1631355283 1640,200000 -1,000000 -101,000000 0,000000 0,000000
221 1631355284 1640,200000 -1,000000 -101,000000 0,000000 0,000000
221 1631355285 4785,800000 -1,000000 -101,000000 0,000000 0,000000
221 1631355286 4785,800000 -1,000000 -101,000000 0,000000 0,000000
221 1631355287 4785,800000 -1,000000 -101,000000 0,000000 0,000000
221 1631355288 4785,800000 -1,000000 -101,000000 0,000000 0,000000
221 1631355289 4785,800000 -1,000000 -101,000000 0,000000 0,000000
221 1631355290 48500,600000 -1,000000 -101,000000 0,000000 0,000000
221 1631355291 48500,600000 -1,000000 -101,000000 0,000000 0,000000
221 1631355292 48500,600000 -1,000000 -101,000000 0,000000 0,000000
221 1631355293 48500,600000 -1,000000 -101,000000 0,000000 0,000000
221 1631355294 48500,600000 -1,000000 -101,000000 0,000000 0,000000
221 1631355295 23005,200000 -1,000000 -101,000000 0,000000 0,000000
221 1631355296 23005,200000 -1,000000 -101,000000 0,000000 0,000000
221 1631355297 23005,200000 -1,000000 -101,000000 0,000000 0,000000
221 1631355298 23005,200000 -1,000000 -101,000000 0,000000 0,000000
221 1631355299 23005,200000 -1,000000 -101,000000 0,000000 0,000000
221 1631355300 28860,800000 -1,000000 -101,000000 0,000000 0,000000
221 1631355301 28860,800000 -1,000000 -101,000000 0,000000 0,000000
221 1631355302 28860,800000 -1,000000 -101,000000 0,000000 0,000000
221 1631355303 28860,800000 -1,000000 -101,000000 0,000000 0,000000
221 1631355304 28860,800000 -1,000000 -101,000000 0,000000 0,000000
221 1631355305 6347,800000 -1,000000 -101,000000 0,000000 0,000000
221 1631355306 6347,800000 -1,000000 -101,000000 0,000000 0,000000
221 1631355307 6347,800000 -1,000000 -101,000000 0,000000 0,000000
221 1631355308 6347,800000 -1,000000 -101,000000 0,000000 0,000000
221 1631355309 6347,800000 -1,000000 -101,000000 0,000000 0,000000
221 1631355310 21608,200000 -1,000000 -101,000000 0,000000 0,000000
221 1631355311 21608,200000 -1,000000 -101,000000 0,000000 0,000000
221 1631355312 21608,200000 -1,000000 -101,000000 0,000000 0,000000
221 1631355313 21608,200000 -1,000000 -101,000000 0,000000 0,000000
221 1631355314 21608,200000 -1,000000 -101,000000 0,000000 0,000000
221 1631355315 19376,400000 -1,000000 -101,000000 0,000000 0,000000
221 1631355316 19376,400000 -1,000000 -101,000000 0,000000 0,000000
221 1631355317 19376,400000 -1,000000 -101,000000 0,000000 0,000000
221 1631355318 19376,400000 -1,000000 -101,000000 0,000000 0,000000
221 1631355319 19376,400000 -1,000000 -101,000000 0,000000 0,000000
221 1631355320 31090,200000 -1,000000 -101,000000 0,000000 0,000000
221 1631355321 31090,200000 -1,000000 -101,000000 0,000000 0,000000
221 1631355322 31090,200000 -1,000000 -101,000000 0,000000 0,000000
221 1631355323 31090,200000 -1,000000 -101,000000 0,000000 0,000000
221 1631355324 31090,200000 -1,000000 -101,000000 0,000000 0,000000
221 1631355325 11680,000000 -1,000000 -101,000000 0,000000 0,000000
221 1631355326 11680,000000 -1,000000 -101,000000 0,000000 0,000000
221 1631355327 11680,000000 -1,000000 -101,000000 0,000000 0,000000
221 1631355328 11680,000000 -1,000000 -101,000000 0,000000 0,000000
221 1631355329 11680,000000 -1,000000 -101,000000 0,000000 0,000000
221 1631355330 46263,400000 -1,000000 -101,000000 0,000000 0,000000
221 1631355331 46263,400000 -1,000000 -101,000000 0,000000 0,000000
221 1631355332 46263,400000 -1,000000 -101,000000 0,000000 0,000000
221 1631355333 46263,400000 -1,000000 -101,000000 0,000000 0,000000
221 1631355334 46263,400000 -1,000000 -101,000000 0,000000 0,000000
221 1631355335 19717,000000 -1,000000 -101,000000 0,000000 0,000000
221 1631355336 19717,000000 -1,000000 -101,000000 0,000000 0,000000
221 1631355337 19717,000000 -1,000000 -101,000000 0,000000 0,000000
221 1631355338 19717,000000 -1,000000 -101,000000 0,000000 0,000000
221 1631355339 19717,000000 -1,000000 -101,000000 0,000000 0,000000
221 1631355340 1572,800000 -1,000000 -101,000000 0,000000 0,000000
221 1631355341 1572,800000 -1,000000 -101,000000 0,000000 0,000000
221 1631355342 1572,800000 -1,000000 -101,000000 0,000000 0,000000
221 1631355343 1572,800000 -1,000000 -101,000000 0,000000 0,000000
221 1631355344 1572,800000 -1,000000 -101,000000 0,000000 0,000000
221 1631355345 5409,000000 -1,000000 -101,000000 0,000000 0,000000
221 1631355346 5409,000000 -1,000000 -101,000000 0,000000 0,000000
221 1631355347 5409,000000 -1,000000 -101,000000 0,000000 0,000000
221 1631355348 5409,000000 -1,000000 -101,000000 0,000000 0,000000
221 1631355349 5409,000000 -1,000000 -101,000000 0,000000 0,000000
221 1631355350 4150,000000 -1,000000 -101,000000 0,000000 0,000000
221 1631355351 4150,000000 -1,000000 -101,000000 0,000000 0,000000
221 1631355352 4150,000000 -1,000000 -101,000000 0,000000 0,000000
221 1631355353 4150,000000 -1,000000 -101,000000 0,000000 0,000000
221 1631355354 4150,000000 -1,000000 -101,000000 0,000000 0,000000
221 1631355355 8304,800000 -1,000000 -101,000000 0,000000 0,000000
221 1631355356 8304,800000 -1,000000 -101,000000 0,000000 0,000000
221 1631355357 8304,800000 -1,000000 -101,000000 0,000000 0,000000
221 1631355358 8304,800000 -1,000000 -101,000000 0,000000 0,000000
221 1631355359 8304,800000 -1,000000 -101,000000 0,000000 0,000000
221 1631355360 6418,400000 -1,000000 -101,000000 0,000000 0,000000
221 1631355361 6418,400000 -1,000000 -101,000000 0,000000 0,000000
221 1631355362 6418,400000 -1,000000 -101,000000 0,000000 0,000000
221 1631355363 6418,400000 -1,000000 -101,000000 0,000000 0,000000
221 1631355364 6418,400000 -1,000000 -101,000000 0,000000 0,000000
221 1631355365 32556,400000 -1,000000 -101,000000 0,000000 0,000000
221 1631355366 32556,400000 -1,000000 -101,000000 0,000000 0,000000
221 1631355367 32556,400000 -1,000000 -101,000000 0,000000 0,000000
221 1631355368 32556,400000 -1,000000 -101,000000 0,000000 0,000000
221 1631355369 32556,400000 -1,000000 -101,000000 0,000000 0,000000
221 1631355370 8767,800000 -1,000000 -101,000000 0,000000 0,000000
221 1631355371 8767,800000 -1,000000 -101,000000 0,000000 0,000000
221 1631355372 8767,800000 -1,000000 -101,000000 0,000000 0,000000
221 1631355373 8767,800000 -1,000000 -101,000000 0,000000 0,000000
221 1631355374 8767,800000 -1,000000 -101,000000 0,000000 0,000000
221 1631355375 52570,000000 -1,000000 -101,000000 0,000000 0,000000
221 1631355376 52570,000000 -1,000000 -101,000000 0,000000 0,000000
221 1631355377 52570,000000 -1,000000 -101,000000 0,000000 0,000000
221 1631355378 52570,000000 -1,000000 -101,000000 0,000000 0,000000
221 1631355379 52570,000000 -1,000000 -101,000000 0,000000 0,000000
221 1631355380 24597,800000 -1,000000 -101,000000 0,000000 0,000000
221 1631355381 24597,800000 -1,000000 -101,000000 0,000000 0,000000
221 1631355382 24597,800000 -1,000000 -101,000000 0,000000 0,000000
221 1631355383 24597,800000 -1,000000 -101,000000 0,000000 0,000000
221 1631355384 24597,800000 -1,000000 -101,000000 0,000000 0,000000
221 1631355385 5409,000000 -1,000000 -101,000000 0,000000 0,000000
221 1631355386 5409,000000 -1,000000 -101,000000 0,000000 0,000000
221 1631355387 5409,000000 -1,000000 -101,000000 0,000000 0,000000
221 1631355388 5409,000000 -1,000000 -101,000000 0,000000 0,000000
221 1631355389 5409,000000 -1,000000 -101,000000 0,000000 0,000000
221 1631355390 4151,200000 -1,000000 -101,000000 0,000000 0,000000
221 1631355391 4151,200000 -1,000000 -101,000000 0,000000 0,000000
221 1631355392 4151,200000 -1,000000 -101,000000 0,000000 0,000000
221 1631355393 4151,200000 -1,000000 -101,000000 0,000000 0,000000
221 1631355394 4151,200000 -1,000000 -101,000000 0,000000 0,000000
221 1631355395 46651,600000 -1,000000 -101,000000 0,000000 0,000000
221 1631355396 46651,600000 -1,000000 -101,000000 0,000000 0,000000
221 1631355397 46651,600000 -1,000000 -101,000000 0,000000 0,000000
221 1631355398 46651,600000 -1,000000 -101,000000 0,000000 0,000000
221 1631355399 46651,600000 -1,000000 -101,000000 0,000000 0,000000
221 1631355400 22796,800000 -1,000000 -101,000000 0,000000 0,000000
221 1631355401 22796,800000 -1,000000 -101,000000 0,000000 0,000000
221 1631355402 22796,800000 -1,000000 -101,000000 0,000000 0,000000
221 1631355403 22796,800000 -1,000000 -101,000000 0,000000 0,000000
221 1631355404 22796,800000 -1,000000 -101,000000 0,000000 0,000000
221 1631355405 29623,200000 -1,000000 -101,000000 0,000000 0,000000
221 1631355406 29623,200000 -1,000000 -101,000000 0,000000 0,000000
221 1631355407 29623,200000 -1,000000 -101,000000 0,000000 0,000000
221 1631355408 29623,200000 -1,000000 -101,000000 0,000000 0,000000
221 1631355409 29623,200000 -1,000000 -101,000000 0,000000 0,000000
221 1631355410 4702,200000 -1,000000 -101,000000 0,000000 0,000000
221 1631355411 4702,200000 -1,000000 -101,000000 0,000000 0,000000
221 1631355412 4702,200000 -1,000000 -101,000000 0,000000 0,000000
221 1631355413 4702,200000 -1,000000 -101,000000 0,000000 0,000000
221 1631355414 4702,200000 -1,000000 -101,000000 0,000000 0,000000
221 1631355415 25533,800000 -1,000000 -101,000000 0,000000 0,000000
221 1631355416 25533,800000 -1,000000 -101,000000 0,000000 0,000000
221 1631355417 25533,800000 -1,000000 -101,000000 0,000000 0,000000
221 1631355418 25533,800000 -1,000000 -101,000000 0,000000 0,000000
221 1631355419 25533,800000 -1,000000 -101,000000 0,000000 0,000000
221 1631355420 22563,400000 -1,000000 -101,000000 0,000000 0,000000
221 1631355421 22563,400000 -1,000000 -101,000000 0,000000 0,000000
221 1631355422 22563,400000 -1,000000 -101,000000 0,000000 0,000000
221 1631355423 22563,400000 -1,000000 -101,000000 0,000000 0,000000
221 1631355424 22563,400000 -1,000000 -101,000000 0,000000 0,000000
221 1631355425 4851,200000 -1,000000 -101,000000 0,000000 0,000000
221 1631355426 4851,200000 -1,000000 -101,000000 0,000000 0,000000
221 1631355427 4851,200000 -1,000000 -101,000000 0,000000 0,000000
221 1631355428 4851,200000 -1,000000 -101,000000 0,000000 0,000000
221 1631355429 4851,200000 -1,000000 -101,000000 0,000000 0,000000
221 1631355430 4150,600000 -1,000000 -101,000000 0,000000 0,000000
221 1631355431 4150,600000 -1,000000 -101,000000 0,000000 0,000000
221 1631355432 4150,600000 -1,000000 -101,000000 0,000000 0,000000
221 1631355433 4150,600000 -1,000000 -101,000000 0,000000 0,000000
221 1631355434 4150,600000 -1,000000 -101,000000 0,000000 0,000000
221 1631355435 24878,200000 -1,000000 -101,000000 0,000000 0,000000
221 1631355436 24878,200000 -1,000000 -101,000000 0,000000 0,000000
221 1631355437 24878,200000 -1,000000 -101,000000 0,000000 0,000000
221 1631355438 24878,200000 -1,000000 -101,000000 0,000000 0,000000
221 1631355439 24878,200000 -1,000000 -101,000000 0,000000 0,000000
221 1631355440 42819,000000 -1,000000 -101,000000 0,000000 0,000000
221 1631355441 42819,000000 -1,000000 -101,000000 0,000000 0,000000
221 1631355442 42819,000000 -1,000000 -101,000000 0,000000 0,000000
221 1631355443 42819,000000 -1,000000 -101,000000 0,000000 0,000000
221 1631355444 42819,000000 -1,000000 -101,000000 0,000000 0,000000
221 1631355445 8911,600000 -1,000000 -101,000000 0,000000 0,000000
221 1631355446 8911,600000 -1,000000 -101,000000 0,000000 0,000000
221 1631355447 8911,600000 -1,000000 -101,000000 0,000000 0,000000
221 1631355448 8911,600000 -1,000000 -101,000000 0,000000 0,000000
221 1631355449 8911,600000 -1,000000 -101,000000 0,000000 0,000000
221 1631355450 25487,000000 -1,000000 -101,000000 0,000000 0,000000
221 1631355451 25487,000000 -1,000000 -101,000000 0,000000 0,000000
221 1631355452 25487,000000 -1,000000 -101,000000 0,000000 0,000000
221 1631355453 25487,000000 -1,000000 -101,000000 0,000000 0,000000
221 1631355454 25487,000000 -1,000000 -101,000000 0,000000 0,000000
221 1631355455 21213,800000 -1,000000 -101,000000 0,000000 0,000000
221 1631355456 21213,800000 -1,000000 -101,000000 0,000000 0,000000
221 1631355457 21213,800000 -1,000000 -101,000000 0,000000 0,000000
221 1631355458 21213,800000 -1,000000 -101,000000 0,000000 0,000000
221 1631355459 21213,800000 -1,000000 -101,000000 0,000000 0,000000
221 1631355460 17235,200000 -1,000000 -101,000000 0,000000 0,000000
221 1631355461 17235,200000 -1,000000 -101,000000 0,000000 0,000000
221 1631355462 17235,200000 -1,000000 -101,000000 0,000000 0,000000
221 1631355463 17235,200000 -1,000000 -101,000000 0,000000 0,000000
221 1631355464 17235,200000 -1,000000 -101,000000 0,000000 0,000000
221 1631355465 4850,200000 -1,000000 -101,000000 0,000000 0,000000
221 1631355466 4850,200000 -1,000000 -101,000000 0,000000 0,000000
221 1631355467 4850,200000 -1,000000 -101,000000 0,000000 0,000000
221 1631355468 4850,200000 -1,000000 -101,000000 0,000000 0,000000
221 1631355469 4850,200000 -1,000000 -101,000000 0,000000 0,000000
221 1631355470 25914,600000 -1,000000 -101,000000 0,000000 0,000000
221 1631355471 25914,600000 -1,000000 -101,000000 0,000000 0,000000
221 1631355472 25914,600000 -1,000000 -101,000000 0,000000 0,000000
221 1631355473 25914,600000 -1,000000 -101,000000 0,000000 0,000000
221 1631355474 25914,600000 -1,000000 -101,000000 0,000000 0,000000
221 1631355475 27219,800000 -1,000000 -101,000000 0,000000 0,000000
221 1631355476 27219,800000 -1,000000 -101,000000 0,000000 0,000000
221 1631355477 27219,800000 -1,000000 -101,000000 0,000000 0,000000
221 1631355478 27219,800000 -1,000000 -101,000000 0,000000 0,000000
221 1631355479 27219,800000 -1,000000 -101,000000 0,000000 0,000000
221 1631355480 37229,000000 -1,000000 -101,000000 0,000000 0,000000
221 1631355481 37229,000000 -1,000000 -101,000000 0,000000 0,000000
221 1631355482 37229,000000 -1,000000 -101,000000 0,000000 0,000000
221 1631355483 37229,000000 -1,000000 -101,000000 0,000000 0,000000
221 1631355484 37229,000000 -1,000000 -101,000000 0,000000 0,000000
221 1631355485 5406,000000 -1,000000 -101,000000 0,000000 0,000000
221 1631355486 5406,000000 -1,000000 -101,000000 0,000000 0,000000
221 1631355487 5406,000000 -1,000000 -101,000000 0,000000 0,000000
221 1631355488 5406,000000 -1,000000 -101,000000 0,000000 0,000000
221 1631355489 5406,000000 -1,000000 -101,000000 0,000000 0,000000
221 1631355490 4150,200000 -1,000000 -101,000000 0,000000 0,000000
221 1631355491 4150,200000 -1,000000 -101,000000 0,000000 0,000000
221 1631355492 4150,200000 -1,000000 -101,000000 0,000000 0,000000
221 1631355493 4150,200000 -1,000000 -101,000000 0,000000 0,000000
221 1631355494 4150,200000 -1,000000 -101,000000 0,000000 0,000000
221 1631355495 21836,200000 -1,000000 -101,000000 0,000000 0,000000
221 1631355496 21836,200000 -1,000000 -101,000000 0,000000 0,000000
221 1631355497 21836,200000 -1,000000 -101,000000 0,000000 0,000000
221 1631355498 21836,200000 -1,000000 -101,000000 0,000000 0,000000
221 1631355499 21836,200000 -1,000000 -101,000000 0,000000 0,000000
221 1631355500 19352,600000 -1,000000 -101,000000 0,000000 0,000000
221 1631355501 19352,600000 -1,000000 -101,000000 0,000000 0,000000
221 1631355502 19352,600000 -1,000000 -101,000000 0,000000 0,000000
221 1631355503 19352,600000 -1,000000 -101,000000 0,000000 0,000000
221 1631355504 19352,600000 -1,000000 -101,000000 0,000000 0,000000
221 1631355505 5409,200000 -1,000000 -101,000000 0,000000 0,000000
221 1631355506 5409,200000 -1,000000 -101,000000 0,000000 0,000000
221 1631355507 5409,200000 -1,000000 -101,000000 0,000000 0,000000
221 1631355508 5409,200000 -1,000000 -101,000000 0,000000 0,000000
221 1631355509 5409,200000 -1,000000 -101,000000 0,000000 0,000000
221 1631355510 4147,200000 -1,000000 -101,000000 0,000000 0,000000
221 1631355511 4147,200000 -1,000000 -101,000000 0,000000 0,000000
221 1631355512 4147,200000 -1,000000 -101,000000 0,000000 0,000000
221 1631355513 4147,200000 -1,000000 -101,000000 0,000000 0,000000
221 1631355514 4147,200000 -1,000000 -101,000000 0,000000 0,000000
221 1631355515 43104,400000 -1,000000 -101,000000 0,000000 0,000000
221 1631355516 43104,400000 -1,000000 -101,000000 0,000000 0,000000
221 1631355517 43104,400000 -1,000000 -101,000000 0,000000 0,000000
221 1631355518 43104,400000 -1,000000 -101,000000 0,000000 0,000000
221 1631355519 43104,400000 -1,000000 -101,000000 0,000000 0,000000
221 1631355520 22769,800000 -1,000000 -101,000000 0,000000 0,000000
221 1631355521 22769,800000 -1,000000 -101,000000 0,000000 0,000000
221 1631355522 22769,800000 -1,000000 -101,000000 0,000000 0,000000
221 1631355523 22769,800000 -1,000000 -101,000000 0,000000 0,000000
221 1631355524 22769,800000 -1,000000 -101,000000 0,000000 0,000000
221 1631355525 27754,200000 -1,000000 -101,000000 0,000000 0,000000
221 1631355526 27754,200000 -1,000000 -101,000000 0,000000 0,000000
221 1631355527 27754,200000 -1,000000 -101,000000 0,000000 0,000000
221 1631355528 27754,200000 -1,000000 -101,000000 0,000000 0,000000
221 1631355529 27754,200000 -1,000000 -101,000000 0,000000 0,000000
221 1631355530 5715,200000 -1,000000 -101,000000 0,000000 0,000000
221 1631355531 5715,200000 -1,000000 -101,000000 0,000000 0,000000
221 1631355532 5715,200000 -1,000000 -101,000000 0,000000 0,000000
221 1631355533 5715,200000 -1,000000 -101,000000 0,000000 0,000000
221 1631355534 5715,200000 -1,000000 -101,000000 0,000000 0,000000
221 1631355535 20439,400000 -1,000000 -101,000000 0,000000 0,000000
221 1631355536 20439,400000 -1,000000 -101,000000 0,000000 0,000000
221 1631355537 20439,400000 -1,000000 -101,000000 0,000000 0,000000
221 1631355538 20439,400000 -1,000000 -101,000000 0,000000 0,000000
221 1631355539 20439,400000 -1,000000 -101,000000 0,000000 0,000000
221 1631355540 17992,800000 -1,000000 -101,000000 0,000000 0,000000
221 1631355541 17992,800000 -1,000000 -101,000000 0,000000 0,000000
221 1631355542 17992,800000 -1,000000 -101,000000 0,000000 0,000000
221 1631355543 17992,800000 -1,000000 -101,000000 0,000000 0,000000
221 1631355544 17992,800000 -1,000000 -101,000000 0,000000 0,000000
221 1631355545 29421,400000 -1,000000 -101,000000 0,000000 0,000000
221 1631355546 29421,400000 -1,000000 -101,000000 0,000000 0,000000
221 1631355547 29421,400000 -1,000000 -101,000000 0,000000 0,000000
221 1631355548 29421,400000 -1,000000 -101,000000 0,000000 0,000000
221 1631355549 29421,400000 -1,000000 -101,000000 0,000000 0,000000
221 1631355550 11046,000000 -1,000000 -101,000000 0,000000 0,000000
221 1631355551 11046,000000 -1,000000 -101,000000 0,000000 0,000000
221 1631355552 11046,000000 -1,000000 -101,000000 0,000000 0,000000
221 1631355553 11046,000000 -1,000000 -101,000000 0,000000 0,000000
221 1631355554 11046,000000 -1,000000 -101,000000 0,000000 0,000000
221 1631355555 21930,000000 -1,000000 -101,000000 0,000000 0,000000
221 1631355556 21930,000000 -1,000000 -101,000000 0,000000 0,000000
221 1631355557 21930,000000 -1,000000 -101,000000 0,000000 0,000000
221 1631355558 21930,000000 -1,000000 -101,000000 0,000000 0,000000
221 1631355559 21930,000000 -1,000000 -101,000000 0,000000 0,000000
221 1631355560 7698,000000 -1,000000 -101,000000 0,000000 0,000000
221 1631355561 7698,000000 -1,000000 -101,000000 0,000000 0,000000
221 1631355562 7698,000000 -1,000000 -101,000000 0,000000 0,000000
221 1631355563 7698,000000 -1,000000 -101,000000 0,000000 0,000000
221 1631355564 7698,000000 -1,000000 -101,000000 0,000000 0,000000
221 1631355565 8772,800000 -1,000000 -101,000000 0,000000 0,000000
221 1631355566 8772,800000 -1,000000 -101,000000 0,000000 0,000000
221 1631355567 8772,800000 -1,000000 -101,000000 0,000000 0,000000
221 1631355568 8772,800000 -1,000000 -101,000000 0,000000 0,000000
221 1631355569 8772,800000 -1,000000 -101,000000 0,000000 0,000000
221 1631355570 4215,800000 -1,000000 -101,000000 0,000000 0,000000
221 1631355571 4215,800000 -1,000000 -101,000000 0,000000 0,000000
221 1631355572 4215,800000 -1,000000 -101,000000 0,000000 0,000000
221 1631355573 4215,800000 -1,000000 -101,000000 0,000000 0,000000
221 1631355574 4215,800000 -1,000000 -101,000000 0,000000 0,000000
221 1631355575 2952,600000 -1,000000 -101,000000 0,000000 0,000000
221 1631355576 2952,600000 -1,000000 -101,000000 0,000000 0,000000
221 1631355577 2952,600000 -1,000000 -101,000000 0,000000 0,000000
221 1631355578 2952,600000 -1,000000 -101,000000 0,000000 0,000000
221 1631355579 2952,600000 -1,000000 -101,000000 0,000000 0,000000
221 1631355580 24608,600000 -1,000000 -101,000000 0,000000 0,000000
221 1631355581 24608,600000 -1,000000 -101,000000 0,000000 0,000000
221 1631355582 24608,600000 -1,000000 -101,000000 0,000000 0,000000
221 1631355583 24608,600000 -1,000000 -101,000000 0,000000 0,000000
221 1631355584 24608,600000 -1,000000 -101,000000 0,000000 0,000000
221 1631355585 3452,400000 -1,000000 -101,000000 0,000000 0,000000
221 1631355586 3452,400000 -1,000000 -101,000000 0,000000 0,000000
221 1631355587 3452,400000 -1,000000 -101,000000 0,000000 0,000000
221 1631355588 3452,400000 -1,000000 -101,000000 0,000000 0,000000
221 1631355589 3452,400000 -1,000000 -101,000000 0,000000 0,000000
221 1631355590 27089,200000 -1,000000 -101,000000 0,000000 0,000000
221 1631355591 27089,200000 -1,000000 -101,000000 0,000000 0,000000
221 1631355592 27089,200000 -1,000000 -101,000000 0,000000 0,000000
221 1631355593 27089,200000 -1,000000 -101,000000 0,000000 0,000000
221 1631355594 27089,200000 -1,000000 -101,000000 0,000000 0,000000
221 1631355595 9313,000000 -1,000000 -101,000000 0,000000 0,000000
221 1631355596 9313,000000 -1,000000 -101,000000 0,000000 0,000000
221 1631355597 9313,000000 -1,000000 -101,000000 0,000000 0,000000
221 1631355598 9313,000000 -1,000000 -101,000000 0,000000 0,000000
221 1631355599 9313,000000 -1,000000 -101,000000 0,000000 0,000000
221 1631355600 38221,600000 -1,000000 -101,000000 0,000000 0,000000
221 1631355601 38221,600000 -1,000000 -101,000000 0,000000 0,000000
221 1631355602 38221,600000 -1,000000 -101,000000 0,000000 0,000000
221 1631355603 38221,600000 -1,000000 -101,000000 0,000000 0,000000
221 1631355604 38221,600000 -1,000000 -101,000000 0,000000 0,000000
221 1631355605 3450,200000 -1,000000 -101,000000 0,000000 0,000000
221 1631355606 3450,200000 -1,000000 -101,000000 0,000000 0,000000
221 1631355607 3450,200000 -1,000000 -101,000000 0,000000 0,000000
221 1631355608 3450,200000 -1,000000 -101,000000 0,000000 0,000000
221 1631355609 3450,200000 -1,000000 -101,000000 0,000000 0,000000
221 1631355610 4771,000000 -1,000000 -101,000000 0,000000 0,000000
221 1631355611 4771,000000 -1,000000 -101,000000 0,000000 0,000000
221 1631355612 4771,000000 -1,000000 -101,000000 0,000000 0,000000
221 1631355613 4771,000000 -1,000000 -101,000000 0,000000 0,000000
221 1631355614 4771,000000 -1,000000 -101,000000 0,000000 0,000000
221 1631355615 4048,400000 -1,000000 -101,000000 0,000000 0,000000
221 1631355616 4048,400000 -1,000000 -101,000000 0,000000 0,000000
221 1631355617 4048,400000 -1,000000 -101,000000 0,000000 0,000000
221 1631355618 4048,400000 -1,000000 -101,000000 0,000000 0,000000
221 1631355619 4048,400000 -1,000000 -101,000000 0,000000 0,000000
221 1631355620 49063,600000 -1,000000 -101,000000 0,000000 0,000000
221 1631355621 49063,600000 -1,000000 -101,000000 0,000000 0,000000
221 1631355622 49063,600000 -1,000000 -101,000000 0,000000 0,000000
221 1631355623 49063,600000 -1,000000 -101,000000 0,000000 0,000000
221 1631355624 49063,600000 -1,000000 -101,000000 0,000000 0,000000
221 1631355625 30093,200000 -1,000000 -101,000000 0,000000 0,000000
221 1631355626 30093,200000 -1,000000 -101,000000 0,000000 0,000000
221 1631355627 30093,200000 -1,000000 -101,000000 0,000000 0,000000
221 1631355628 30093,200000 -1,000000 -101,000000 0,000000 0,000000
221 1631355629 30093,200000 -1,000000 -101,000000 0,000000 0,000000
221 1631355630 23067,000000 -1,000000 -101,000000 0,000000 0,000000
221 1631355631 23067,000000 -1,000000 -101,000000 0,000000 0,000000
221 1631355632 23067,000000 -1,000000 -101,000000 0,000000 0,000000
221 1631355633 23067,000000 -1,000000 -101,000000 0,000000 0,000000
221 1631355634 23067,000000 -1,000000 -101,000000 0,000000 0,000000
221 1631355635 3520,400000 -1,000000 -101,000000 0,000000 0,000000
221 1631355636 3520,400000 -1,000000 -101,000000 0,000000 0,000000
221 1631355637 3520,400000 -1,000000 -101,000000 0,000000 0,000000
221 1631355638 3520,400000 -1,000000 -101,000000 0,000000 0,000000
221 1631355639 3520,400000 -1,000000 -101,000000 0,000000 0,000000
221 1631355640 23257,600000 -1,000000 -101,000000 0,000000 0,000000
221 1631355641 23257,600000 -1,000000 -101,000000 0,000000 0,000000
221 1631355642 23257,600000 -1,000000 -101,000000 0,000000 0,000000
221 1631355643 23257,600000 -1,000000 -101,000000 0,000000 0,000000
221 1631355644 23257,600000 -1,000000 -101,000000 0,000000 0,000000
221 1631355645 24892,600000 -1,000000 -101,000000 0,000000 0,000000
221 1631355646 24892,600000 -1,000000 -101,000000 0,000000 0,000000
221 1631355647 24892,600000 -1,000000 -101,000000 0,000000 0,000000
221 1631355648 24892,600000 -1,000000 -101,000000 0,000000 0,000000
221 1631355649 24892,600000 -1,000000 -101,000000 0,000000 0,000000
221 1631355650 4218,600000 -1,000000 -101,000000 0,000000 0,000000
221 1631355651 4218,600000 -1,000000 -101,000000 0,000000 0,000000
221 1631355652 4218,600000 -1,000000 -101,000000 0,000000 0,000000
221 1631355653 4218,600000 -1,000000 -101,000000 0,000000 0,000000
221 1631355654 4218,600000 -1,000000 -101,000000 0,000000 0,000000
221 1631355655 2967,200000 -1,000000 -101,000000 0,000000 0,000000
221 1631355656 2967,200000 -1,000000 -101,000000 0,000000 0,000000
221 1631355657 2967,200000 -1,000000 -101,000000 0,000000 0,000000
221 1631355658 2967,200000 -1,000000 -101,000000 0,000000 0,000000
221 1631355659 2967,200000 -1,000000 -101,000000 0,000000 0,000000
221 1631355660 18030,600000 -1,000000 -101,000000 0,000000 0,000000
221 1631355661 18030,600000 -1,000000 -101,000000 0,000000 0,000000
221 1631355662 18030,600000 -1,000000 -101,000000 0,000000 0,000000
221 1631355724 19566,400000 -1,000000 19566,400000 19566,400000 76568801,792000
221 1631355723 19566,400000 -1,000000 19566,400000 19566,400000 76568801,792000
221 1631355722 19566,400000 -1,000000 19566,400000 19566,400000 76568801,792000
221 1631355721 19566,400000 -1,000000 19566,400000 19566,400000 76568801,792000
221 1631355720 19566,400000 -1,000000 19566,400000 19566,400000 76568801,792000
221 1631355719 2961,600000 -1,000000 2961,600000 2961,600000 1754214,912000
221 1631355718 2961,600000 -1,000000 2961,600000 2961,600000 1754214,912000
221 1631355717 2961,600000 -1,000000 2961,600000 2961,600000 1754214,912000
221 1631355716 2961,600000 -1,000000 2961,600000 2961,600000 1754214,912000
221 1631355715 2961,600000 -1,000000 2961,600000 2961,600000 1754214,912000
221 1631355714 4209,800000 -1,000000 4209,800000 4209,800000 3544483,208000
221 1631355713 4209,800000 -1,000000 4209,800000 4209,800000 3544483,208000
221 1631355712 4209,800000 -1,000000 4209,800000 4209,800000 3544483,208000
221 1631355711 4209,800000 -1,000000 4209,800000 4209,800000 3544483,208000
221 1631355710 4209,800000 -1,000000 4209,800000 4209,800000 3544483,208000
221 1631355709 40078,600000 -1,000000 40078,600000 40078,600000 321258835,592000
221 1631355708 40078,600000 -1,000000 40078,600000 40078,600000 321258835,592000
221 1631355707 40078,600000 -1,000000 40078,600000 40078,600000 321258835,592000
221 1631355706 40078,600000 -1,000000 40078,600000 40078,600000 321258835,592000
221 1631355705 40078,600000 -1,000000 40078,600000 40078,600000 321258835,592000
221 1631355704 25241,400000 -1,000000 25241,400000 25241,400000 127425654,792000
221 1631355703 25241,400000 -1,000000 25241,400000 25241,400000 127425654,792000
221 1631355702 25241,400000 -1,000000 25241,400000 25241,400000 127425654,792000
221 1631355701 25241,400000 -1,000000 25241,400000 25241,400000 127425654,792000
221 1631355700 25241,400000 -1,000000 25241,400000 25241,400000 127425654,792000
221 1631355699 28546,200000 -1,000000 28546,200000 28546,200000 162977106,888000
221 1631355698 28546,200000 -1,000000 28546,200000 28546,200000 162977106,888000
221 1631355697 28546,200000 -1,000000 28546,200000 28546,200000 162977106,888000
221 1631355696 28546,200000 -1,000000 28546,200000 28546,200000 162977106,888000
221 1631355695 28546,200000 -1,000000 28546,200000 28546,200000 162977106,888000
221 1631355694 5300,600000 -1,000000 5300,600000 5300,600000 5619272,072000
221 1631355693 5300,600000 -1,000000 5300,600000 5300,600000 5619272,072000
221 1631355692 5300,600000 -1,000000 5300,600000 5300,600000 5619272,072000
221 1631355691 5300,600000 -1,000000 5300,600000 5300,600000 5619272,072000
221 1631355690 5300,600000 -1,000000 5300,600000 5300,600000 5619272,072000
221 1631355689 21453,200000 -1,000000 21453,200000 21453,200000 92047958,048000
221 1631355688 21453,200000 -1,000000 21453,200000 21453,200000 92047958,048000
221 1631355687 21453,200000 -1,000000 21453,200000 21453,200000 92047958,048000
221 1631355686 21453,200000 -1,000000 21453,200000 21453,200000 92047958,048000
221 1631355685 21453,200000 -1,000000 21453,200000 21453,200000 92047958,048000
221 1631355684 21393,400000 -1,000000 21393,400000 21393,400000 91535512,712000
221 1631355683 21393,400000 -1,000000 21393,400000 21393,400000 91535512,712000
221 1631355682 21393,400000 -1,000000 21393,400000 21393,400000 91535512,712000
221 1631355681 21393,400000 -1,000000 21393,400000 21393,400000 91535512,712000
221 1631355680 21393,400000 -1,000000 21393,400000 21393,400000 91535512,712000
221 1631355679 23816,000000 -1,000000 23816,000000 23816,000000 113440371,200000
221 1631355678 23816,000000 -1,000000 23816,000000 23816,000000 113440371,200000
221 1631355677 23816,000000 -1,000000 23816,000000 23816,000000 113440371,200000
221 1631355676 23816,000000 -1,000000 23816,000000 23816,000000 113440371,200000
221 1631355675 23816,000000 -1,000000 23816,000000 23816,000000 113440371,200000
221 1631355674 10556,200000 -1,000000 10556,200000 10556,200000 22286671,688000
221 1631355673 10556,200000 -1,000000 10556,200000 10556,200000 22286671,688000
221 1631355672 10556,200000 -1,000000 10556,200000 10556,200000 22286671,688000
221 1631355671 10556,200000 -1,000000 10556,200000 10556,200000 22286671,688000
221 1631355670 10556,200000 -1,000000 10556,200000 10556,200000 22286671,688000
221 1631355669 41883,600000 -1,000000 41883,600000 41883,600000 350847189,792000
221 1631355668 41883,600000 -1,000000 41883,600000 41883,600000 350847189,792000
221 1631355667 41883,600000 -1,000000 41883,600000 41883,600000 350847189,792000
221 1631355666 41883,600000 -1,000000 41883,600000 41883,600000 350847189,792000
221 1631355665 41883,600000 -1,000000 41883,600000 41883,600000 350847189,792000
221 1631355664 18030,600000 -1,000000 18030,600000 18030,600000 65020507,272000
221 1631355663 18030,600000 -1,000000 18030,600000 18030,600000 65020507,272000
221 1631355663 18030,600000 -1,000000 -101,000000 0,000000 0,000000
221 1631355664 18030,600000 -1,000000 -101,000000 0,000000 0,000000
221 1631355665 41883,600000 -1,000000 -101,000000 0,000000 0,000000
221 1631355666 41883,600000 -1,000000 -101,000000 0,000000 0,000000
221 1631355667 41883,600000 -1,000000 -101,000000 0,000000 0,000000
221 1631355668 41883,600000 -1,000000 -101,000000 0,000000 0,000000
221 1631355669 41883,600000 -1,000000 -101,000000 0,000000 0,000000
221 1631355670 10556,200000 -1,000000 -101,000000 0,000000 0,000000
221 1631355671 10556,200000 -1,000000 -101,000000 0,000000 0,000000
221 1631355672 10556,200000 -1,000000 -101,000000 0,000000 0,000000
221 1631355673 10556,200000 -1,000000 -101,000000 0,000000 0,000000
221 1631355674 10556,200000 -1,000000 -101,000000 0,000000 0,000000
221 1631355675 23816,000000 -1,000000 -101,000000 0,000000 0,000000
221 1631355676 23816,000000 -1,000000 -101,000000 0,000000 0,000000
221 1631355677 23816,000000 -1,000000 -101,000000 0,000000 0,000000
221 1631355678 23816,000000 -1,000000 -101,000000 0,000000 0,000000
221 1631355679 23816,000000 -1,000000 -101,000000 0,000000 0,000000
221 1631355680 21393,400000 -1,000000 -101,000000 0,000000 0,000000
221 1631355681 21393,400000 -1,000000 -101,000000 0,000000 0,000000
221 1631355682 21393,400000 -1,000000 -101,000000 0,000000 0,000000
221 1631355683 21393,400000 -1,000000 -101,000000 0,000000 0,000000
221 1631355684 21393,400000 -1,000000 -101,000000 0,000000 0,000000
221 1631355685 21453,200000 -1,000000 -101,000000 0,000000 0,000000
221 1631355686 21453,200000 -1,000000 -101,000000 0,000000 0,000000
221 1631355687 21453,200000 -1,000000 -101,000000 0,000000 0,000000
221 1631355688 21453,200000 -1,000000 -101,000000 0,000000 0,000000
221 1631355689 21453,200000 -1,000000 -101,000000 0,000000 0,000000
221 1631355690 5300,600000 -1,000000 -101,000000 0,000000 0,000000
221 1631355691 5300,600000 -1,000000 -101,000000 0,000000 0,000000
221 1631355692 5300,600000 -1,000000 -101,000000 0,000000 0,000000
221 1631355693 5300,600000 -1,000000 -101,000000 0,000000 0,000000
221 1631355694 5300,600000 -1,000000 -101,000000 0,000000 0,000000
221 1631355695 28546,200000 -1,000000 -101,000000 0,000000 0,000000
221 1631355696 28546,200000 -1,000000 -101,000000 0,000000 0,000000
221 1631355697 28546,200000 -1,000000 -101,000000 0,000000 0,000000
221 1631355698 28546,200000 -1,000000 -101,000000 0,000000 0,000000
221 1631355699 28546,200000 -1,000000 -101,000000 0,000000 0,000000
221 1631355700 25241,400000 -1,000000 -101,000000 0,000000 0,000000
221 1631355701 25241,400000 -1,000000 -101,000000 0,000000 0,000000
221 1631355702 25241,400000 -1,000000 -101,000000 0,000000 0,000000
221 1631355703 25241,400000 -1,000000 -101,000000 0,000000 0,000000
221 1631355704 25241,400000 -1,000000 -101,000000 0,000000 0,000000
221 1631355705 40078,600000 -1,000000 -101,000000 0,000000 0,000000
221 1631355706 40078,600000 -1,000000 -101,000000 0,000000 0,000000
221 1631355707 40078,600000 -1,000000 -101,000000 0,000000 0,000000
221 1631355708 40078,600000 -1,000000 -101,000000 0,000000 0,000000
221 1631355709 40078,600000 -1,000000 -101,000000 0,000000 0,000000
221 1631355710 4209,800000 -1,000000 -101,000000 0,000000 0,000000
221 1631355711 4209,800000 -1,000000 -101,000000 0,000000 0,000000
221 1631355712 4209,800000 -1,000000 -101,000000 0,000000 0,000000
221 1631355713 4209,800000 -1,000000 -101,000000 0,000000 0,000000
221 1631355714 4209,800000 -1,000000 -101,000000 0,000000 0,000000
221 1631355715 2961,600000 -1,000000 -101,000000 0,000000 0,000000
221 1631355716 2961,600000 -1,000000 -101,000000 0,000000 0,000000
221 1631355717 2961,600000 -1,000000 -101,000000 0,000000 0,000000
221 1631355718 2961,600000 -1,000000 -101,000000 0,000000 0,000000
221 1631355719 2961,600000 -1,000000 -101,000000 0,000000 0,000000
221 1631355720 19566,400000 -1,000000 -101,000000 0,000000 0,000000
221 1631355721 19566,400000 -1,000000 -101,000000 0,000000 0,000000
221 1631355722 19566,400000 -1,000000 -101,000000 0,000000 0,000000
221 1631355723 19566,400000 -1,000000 -101,000000 0,000000 0,000000
221 1631355724 19566,400000 -1,000000 -101,000000 0,000000 0,000000
221 1631355725 21687,200000 -1,000000 -101,000000 0,000000 0,000000
221 1631355726 21687,200000 -1,000000 -101,000000 0,000000 0,000000
221 1631355727 21687,200000 -1,000000 -101,000000 0,000000 0,000000
221 1631355728 21687,200000 -1,000000 -101,000000 0,000000 0,000000
221 1631355729 21687,200000 -1,000000 -101,000000 0,000000 0,000000
221 1631355730 4773,400000 -1,000000 -101,000000 0,000000 0,000000
221 1631355731 4773,400000 -1,000000 -101,000000 0,000000 0,000000
221 1631355732 4773,400000 -1,000000 -101,000000 0,000000 0,000000
221 1631355733 4773,400000 -1,000000 -101,000000 0,000000 0,000000
221 1631355734 4773,400000 -1,000000 -101,000000 0,000000 0,000000
221 1631355735 2967,200000 -1,000000 -101,000000 0,000000 0,000000
221 1631355736 2967,200000 -1,000000 -101,000000 0,000000 0,000000
221 1631355737 2967,200000 -1,000000 -101,000000 0,000000 0,000000
221 1631355738 2967,200000 -1,000000 -101,000000 0,000000 0,000000
221 1631355739 2967,200000 -1,000000 -101,000000 0,000000 0,000000
221 1631355740 40256,400000 -1,000000 -101,000000 0,000000 0,000000
221 1631355741 40256,400000 -1,000000 -101,000000 0,000000 0,000000
221 1631355742 40256,400000 -1,000000 -101,000000 0,000000 0,000000
221 1631355743 40256,400000 -1,000000 -101,000000 0,000000 0,000000
221 1631355744 40256,400000 -1,000000 -101,000000 0,000000 0,000000
221 1631355745 26235,400000 -1,000000 -101,000000 0,000000 0,000000
221 1631355746 26235,400000 -1,000000 -101,000000 0,000000 0,000000
221 1631355747 26235,400000 -1,000000 -101,000000 0,000000 0,000000
221 1631355748 26235,400000 -1,000000 -101,000000 0,000000 0,000000
221 1631355749 26235,400000 -1,000000 -101,000000 0,000000 0,000000
221 1631355750 23532,400000 -1,000000 -101,000000 0,000000 0,000000
221 1631355751 23532,400000 -1,000000 -101,000000 0,000000 0,000000
221 1631355752 23532,400000 -1,000000 -101,000000 0,000000 0,000000
221 1631355753 23532,400000 -1,000000 -101,000000 0,000000 0,000000
221 1631355754 23532,400000 -1,000000 -101,000000 0,000000 0,000000
221 1631355755 3522,400000 -1,000000 -101,000000 0,000000 0,000000
221 1631355756 3522,400000 -1,000000 -101,000000 0,000000 0,000000
221 1631355757 3522,400000 -1,000000 -101,000000 0,000000 0,000000
221 1631355758 3522,400000 -1,000000 -101,000000 0,000000 0,000000
221 1631355759 3522,400000 -1,000000 -101,000000 0,000000 0,000000
221 1631355760 6914,600000 -1,000000 -101,000000 0,000000 0,000000
221 1631355761 6914,600000 -1,000000 -101,000000 0,000000 0,000000
221 1631355762 6914,600000 -1,000000 -101,000000 0,000000 0,000000
221 1631355763 6914,600000 -1,000000 -101,000000 0,000000 0,000000
221 1631355764 6914,600000 -1,000000 -101,000000 0,000000 0,000000
221 1631355765 9633,800000 -1,000000 -101,000000 0,000000 0,000000
221 1631355766 9633,800000 -1,000000 -101,000000 0,000000 0,000000
221 1631355767 9633,800000 -1,000000 -101,000000 0,000000 0,000000
221 1631355768 9633,800000 -1,000000 -101,000000 0,000000 0,000000
221 1631355769 9633,800000 -1,000000 -101,000000 0,000000 0,000000
221 1631355770 26621,800000 -1,000000 -101,000000 0,000000 0,000000
221 1631355771 26621,800000 -1,000000 -101,000000 0,000000 0,000000
221 1631355772 26621,800000 -1,000000 -101,000000 0,000000 0,000000
221 1631355773 26621,800000 -1,000000 -101,000000 0,000000 0,000000
221 1631355774 26621,800000 -1,000000 -101,000000 0,000000 0,000000
221 1631355775 7577,400000 -1,000000 -101,000000 0,000000 0,000000
221 1631355776 7577,400000 -1,000000 -101,000000 0,000000 0,000000
221 1631355777 7577,400000 -1,000000 -101,000000 0,000000 0,000000
221 1631355778 7577,400000 -1,000000 -101,000000 0,000000 0,000000
221 1631355779 7577,400000 -1,000000 -101,000000 0,000000 0,000000
221 1631355780 19878,000000 -1,000000 -101,000000 0,000000 0,000000
221 1631355781 19878,000000 -1,000000 -101,000000 0,000000 0,000000
221 1631355782 19878,000000 -1,000000 -101,000000 0,000000 0,000000
221 1631355783 19878,000000 -1,000000 -101,000000 0,000000 0,000000
221 1631355784 19878,000000 -1,000000 -101,000000 0,000000 0,000000
221 1631355785 28048,800000 -1,000000 -101,000000 0,000000 0,000000
221 1631355786 28048,800000 -1,000000 -101,000000 0,000000 0,000000
221 1631355787 28048,800000 -1,000000 -101,000000 0,000000 0,000000
221 1631355788 28048,800000 -1,000000 -101,000000 0,000000 0,000000
221 1631355789 28048,800000 -1,000000 -101,000000 0,000000 0,000000
221 1631355790 25835,800000 -1,000000 -101,000000 0,000000 0,000000
221 1631355791 25835,800000 -1,000000 -101,000000 0,000000 0,000000
221 1631355792 25835,800000 -1,000000 -101,000000 0,000000 0,000000
221 1631355793 25835,800000 -1,000000 -101,000000 0,000000 0,000000
221 1631355794 25835,800000 -1,000000 -101,000000 0,000000 0,000000
221 1631355795 3036,400000 -1,000000 -101,000000 0,000000 0,000000
221 1631355796 3036,400000 -1,000000 -101,000000 0,000000 0,000000
221 1631355797 3036,400000 -1,000000 -101,000000 0,000000 0,000000
221 1631355798 3036,400000 -1,000000 -101,000000 0,000000 0,000000
221 1631355799 3036,400000 -1,000000 -101,000000 0,000000 0,000000
221 1631355800 1572,600000 -1,000000 -101,000000 0,000000 0,000000
221 1631355801 1572,600000 -1,000000 -101,000000 0,000000 0,000000
221 1631355802 1572,600000 -1,000000 -101,000000 0,000000 0,000000
221 1631355803 1572,600000 -1,000000 -101,000000 0,000000 0,000000
221 1631355804 1572,600000 -1,000000 -101,000000 0,000000 0,000000
221 1631355805 21473,400000 -1,000000 -101,000000 0,000000 0,000000
221 1631355806 21473,400000 -1,000000 -101,000000 0,000000 0,000000
221 1631355807 21473,400000 -1,000000 -101,000000 0,000000 0,000000
221 1631355808 21473,400000 -1,000000 -101,000000 0,000000 0,000000
221 1631355809 21473,400000 -1,000000 -101,000000 0,000000 0,000000
221 1631355810 19259,600000 -1,000000 -101,000000 0,000000 0,000000
221 1631355811 19259,600000 -1,000000 -101,000000 0,000000 0,000000
221 1631355812 19259,600000 -1,000000 -101,000000 0,000000 0,000000
221 1631355813 19259,600000 -1,000000 -101,000000 0,000000 0,000000
221 1631355814 19259,600000 -1,000000 -101,000000 0,000000 0,000000
221 1631355815 13462,600000 -1,000000 -101,000000 0,000000 0,000000
221 1631355816 13462,600000 -1,000000 -101,000000 0,000000 0,000000
221 1631355817 13462,600000 -1,000000 -101,000000 0,000000 0,000000
221 1631355818 13462,600000 -1,000000 -101,000000 0,000000 0,000000
221 1631355819 13462,600000 -1,000000 -101,000000 0,000000 0,000000
221 1631355820 7913,200000 -1,000000 -101,000000 0,000000 0,000000
221 1631355821 7913,200000 -1,000000 -101,000000 0,000000 0,000000
221 1631355822 7913,200000 -1,000000 -101,000000 0,000000 0,000000
221 1631355823 7913,200000 -1,000000 -101,000000 0,000000 0,000000
221 1631355824 7913,200000 -1,000000 -101,000000 0,000000 0,000000
221 1631355825 35326,200000 -1,000000 -101,000000 0,000000 0,000000
221 1631355826 35326,200000 -1,000000 -101,000000 0,000000 0,000000
221 1631355827 35326,200000 -1,000000 -101,000000 0,000000 0,000000
221 1631355828 35326,200000 -1,000000 -101,000000 0,000000 0,000000
221 1631355829 35326,200000 -1,000000 -101,000000 0,000000 0,000000
221 1631355830 25696,000000 -1,000000 -101,000000 0,000000 0,000000
221 1631355831 25696,000000 -1,000000 -101,000000 0,000000 0,000000
221 1631355832 25696,000000 -1,000000 -101,000000 0,000000 0,000000
221 1631355833 25696,000000 -1,000000 -101,000000 0,000000 0,000000
221 1631355834 25696,000000 -1,000000 -101,000000 0,000000 0,000000
221 1631355835 3029,400000 -1,000000 -101,000000 0,000000 0,000000
221 1631355836 3029,400000 -1,000000 -101,000000 0,000000 0,000000
221 1631355837 3029,400000 -1,000000 -101,000000 0,000000 0,000000
221 1631355838 3029,400000 -1,000000 -101,000000 0,000000 0,000000
221 1631355839 3029,400000 -1,000000 -101,000000 0,000000 0,000000
221 1631355840 2655,800000 -1,000000 -101,000000 0,000000 0,000000
221 1631355841 2655,800000 -1,000000 -101,000000 0,000000 0,000000
221 1631355842 2655,800000 -1,000000 -101,000000 0,000000 0,000000
221 1631355843 2655,800000 -1,000000 -101,000000 0,000000 0,000000
221 1631355844 2655,800000 -1,000000 -101,000000 0,000000 0,000000
221 1631355845 39398,200000 -1,000000 -101,000000 0,000000 0,000000
221 1631355846 39398,200000 -1,000000 -101,000000 0,000000 0,000000
221 1631355847 39398,200000 -1,000000 -101,000000 0,000000 0,000000
221 1631355848 39398,200000 -1,000000 -101,000000 0,000000 0,000000
221 1631355849 39398,200000 -1,000000 -101,000000 0,000000 0,000000
221 1631355850 29023,200000 -1,000000 -101,000000 0,000000 0,000000
221 1631355851 29023,200000 -1,000000 -101,000000 0,000000 0,000000
221 1631355852 29023,200000 -1,000000 -101,000000 0,000000 0,000000
221 1631355853 29023,200000 -1,000000 -101,000000 0,000000 0,000000
221 1631355854 29023,200000 -1,000000 -101,000000 0,000000 0,000000
221 1631355855 11072,600000 -1,000000 -101,000000 0,000000 0,000000
221 1631355856 11072,600000 -1,000000 -101,000000 0,000000 0,000000
221 1631355857 11072,600000 -1,000000 -101,000000 0,000000 0,000000
221 1631355858 11072,600000 -1,000000 -101,000000 0,000000 0,000000
221 1631355859 11072,600000 -1,000000 -101,000000 0,000000 0,000000
221 1631355860 3144,400000 -1,000000 -101,000000 0,000000 0,000000
221 1631355861 3144,400000 -1,000000 -101,000000 0,000000 0,000000
221 1631355862 3144,400000 -1,000000 -101,000000 0,000000 0,000000
221 1631355863 3144,400000 -1,000000 -101,000000 0,000000 0,000000
221 1631355864 3144,400000 -1,000000 -101,000000 0,000000 0,000000
221 1631355865 22024,800000 -1,000000 -101,000000 0,000000 0,000000
221 1631355866 22024,800000 -1,000000 -101,000000 0,000000 0,000000
221 1631355867 22024,800000 -1,000000 -101,000000 0,000000 0,000000
221 1631355868 22024,800000 -1,000000 -101,000000 0,000000 0,000000
221 1631355869 22024,800000 -1,000000 -101,000000 0,000000 0,000000
221 1631355870 19256,000000 -1,000000 -101,000000 0,000000 0,000000
221 1631355871 19256,000000 -1,000000 -101,000000 0,000000 0,000000
221 1631355872 19256,000000 -1,000000 -101,000000 0,000000 0,000000
221 1631355873 19256,000000 -1,000000 -101,000000 0,000000 0,000000
221 1631355874 19256,000000 -1,000000 -101,000000 0,000000 0,000000
221 1631355875 4113,600000 -1,000000 -101,000000 0,000000 0,000000
221 1631355876 4113,600000 -1,000000 -101,000000 0,000000 0,000000
221 1631355877 4113,600000 -1,000000 -101,000000 0,000000 0,000000
221 1631355878 4113,600000 -1,000000 -101,000000 0,000000 0,000000
221 1631355879 4113,600000 -1,000000 -101,000000 0,000000 0,000000
221 1631355880 3145,600000 -1,000000 -101,000000 0,000000 0,000000
221 1631355881 3145,600000 -1,000000 -101,000000 0,000000 0,000000
221 1631355882 3145,600000 -1,000000 -101,000000 0,000000 0,000000
221 1631355883 3145,600000 -1,000000 -101,000000 0,000000 0,000000
221 1631355884 3145,600000 -1,000000 -101,000000 0,000000 0,000000
221 1631355885 23258,800000 -1,000000 -101,000000 0,000000 0,000000
221 1631355886 23258,800000 -1,000000 -101,000000 0,000000 0,000000
221 1631355887 23258,800000 -1,000000 -101,000000 0,000000 0,000000
221 1631355888 23258,800000 -1,000000 -101,000000 0,000000 0,000000
221 1631355889 23258,800000 -1,000000 -101,000000 0,000000 0,000000
221 1631355890 48830,000000 -1,000000 -101,000000 0,000000 0,000000
221 1631355891 48830,000000 -1,000000 -101,000000 0,000000 0,000000
221 1631355892 48830,000000 -1,000000 -101,000000 0,000000 0,000000
221 1631355893 48830,000000 -1,000000 -101,000000 0,000000 0,000000
221 1631355894 48830,000000 -1,000000 -101,000000 0,000000 0,000000
221 1631355895 9366,800000 -1,000000 -101,000000 0,000000 0,000000
221 1631355896 9366,800000 -1,000000 -101,000000 0,000000 0,000000
221 1631355897 9366,800000 -1,000000 -101,000000 0,000000 0,000000
221 1631355898 9366,800000 -1,000000 -101,000000 0,000000 0,000000
221 1631355899 9366,800000 -1,000000 -101,000000 0,000000 0,000000
221 1631355900 28551,000000 -1,000000 -101,000000 0,000000 0,000000
221 1631355901 28551,000000 -1,000000 -101,000000 0,000000 0,000000
221 1631355902 28551,000000 -1,000000 -101,000000 0,000000 0,000000
221 1631355903 28551,000000 -1,000000 -101,000000 0,000000 0,000000
221 1631355904 28551,000000 -1,000000 -101,000000 0,000000 0,000000
221 1631355905 24701,000000 -1,000000 -101,000000 0,000000 0,000000
221 1631355906 24701,000000 -1,000000 -101,000000 0,000000 0,000000
221 1631355907 24701,000000 -1,000000 -101,000000 0,000000 0,000000
221 1631355908 24701,000000 -1,000000 -101,000000 0,000000 0,000000
221 1631355909 24701,000000 -1,000000 -101,000000 0,000000 0,000000
221 1631355910 20913,000000 -1,000000 -101,000000 0,000000 0,000000
221 1631355911 20913,000000 -1,000000 -101,000000 0,000000 0,000000
221 1631355912 20913,000000 -1,000000 -101,000000 0,000000 0,000000
221 1631355913 20913,000000 -1,000000 -101,000000 0,000000 0,000000
221 1631355914 20913,000000 -1,000000 -101,000000 0,000000 0,000000
221 1631355915 4118,400000 -1,000000 -101,000000 0,000000 0,000000
221 1631355916 4118,400000 -1,000000 -101,000000 0,000000 0,000000
221 1631355917 4118,400000 -1,000000 -101,000000 0,000000 0,000000
221 1631355918 4118,400000 -1,000000 -101,000000 0,000000 0,000000
221 1631355919 4118,400000 -1,000000 -101,000000 0,000000 0,000000
221 1631355920 32193,400000 -1,000000 -101,000000 0,000000 0,000000
221 1631355921 32193,400000 -1,000000 -101,000000 0,000000 0,000000
221 1631355922 32193,400000 -1,000000 -101,000000 0,000000 0,000000
221 1631355923 32193,400000 -1,000000 -101,000000 0,000000 0,000000
221 1631355924 32193,400000 -1,000000 -101,000000 0,000000 0,000000
221 1631355925 26457,200000 -1,000000 -101,000000 0,000000 0,000000
221 1631355926 26457,200000 -1,000000 -101,000000 0,000000 0,000000
221 1631355927 26457,200000 -1,000000 -101,000000 0,000000 0,000000
221 1631355928 26457,200000 -1,000000 -101,000000 0,000000 0,000000
221 1631355929 26457,200000 -1,000000 -101,000000 0,000000 0,000000
221 1631355930 44589,800000 -1,000000 -101,000000 0,000000 0,000000
221 1631355931 44589,800000 -1,000000 -101,000000 0,000000 0,000000
221 1631355932 44589,800000 -1,000000 -101,000000 0,000000 0,000000
221 1631355933 44589,800000 -1,000000 -101,000000 0,000000 0,000000
221 1631355934 44589,800000 -1,000000 -101,000000 0,000000 0,000000
221 1631355935 3036,600000 -1,000000 -101,000000 0,000000 0,000000
221 1631355936 3036,600000 -1,000000 -101,000000 0,000000 0,000000
221 1631355937 3036,600000 -1,000000 -101,000000 0,000000 0,000000
221 1631355938 3036,600000 -1,000000 -101,000000 0,000000 0,000000
221 1631355939 3036,600000 -1,000000 -101,000000 0,000000 0,000000
221 1631355940 1572,400000 -1,000000 -101,000000 0,000000 0,000000
221 1631355941 1572,400000 -1,000000 -101,000000 0,000000 0,000000
221 1631355942 1572,400000 -1,000000 -101,000000 0,000000 0,000000
221 1631355943 1572,400000 -1,000000 -101,000000 0,000000 0,000000
221 1631355944 1572,400000 -1,000000 -101,000000 0,000000 0,000000
221 1631355945 21693,800000 -1,000000 -101,000000 0,000000 0,000000
221 1631355946 21693,800000 -1,000000 -101,000000 0,000000 0,000000
221 1631355947 21693,800000 -1,000000 -101,000000 0,000000 0,000000
221 1631355948 21693,800000 -1,000000 -101,000000 0,000000 0,000000
221 1631355949 21693,800000 -1,000000 -101,000000 0,000000 0,000000
221 1631355950 19481,000000 -1,000000 -101,000000 0,000000 0,000000
221 1631355951 19481,000000 -1,000000 -101,000000 0,000000 0,000000
221 1631355952 19481,000000 -1,000000 -101,000000 0,000000 0,000000
221 1631355953 19481,000000 -1,000000 -101,000000 0,000000 0,000000
221 1631355954 19481,000000 -1,000000 -101,000000 0,000000 0,000000
221 1631355955 3020,400000 -1,000000 -101,000000 0,000000 0,000000
221 1631355956 3020,400000 -1,000000 -101,000000 0,000000 0,000000
221 1631355957 3020,400000 -1,000000 -101,000000 0,000000 0,000000
221 1631355958 3020,400000 -1,000000 -101,000000 0,000000 0,000000
221 1631355959 3020,400000 -1,000000 -101,000000 0,000000 0,000000
221 1631355960 2657,400000 -1,000000 -101,000000 0,000000 0,000000
221 1631355961 2657,400000 -1,000000 -101,000000 0,000000 0,000000
221 1631355962 2657,400000 -1,000000 -101,000000 0,000000 0,000000
221 1631355963 2657,400000 -1,000000 -101,000000 0,000000 0,000000
221 1631355964 2657,400000 -1,000000 -101,000000 0,000000 0,000000
221 1631355965 34403,400000 -1,000000 -101,000000 0,000000 0,000000
221 1631355966 34403,400000 -1,000000 -101,000000 0,000000 0,000000
221 1631355967 34403,400000 -1,000000 -101,000000 0,000000 0,000000
221 1631355968 34403,400000 -1,000000 -101,000000 0,000000 0,000000
221 1631355969 34403,400000 -1,000000 -101,000000 0,000000 0,000000
221 1631355970 12690,000000 -1,000000 -101,000000 0,000000 0,000000
221 1631355971 12690,000000 -1,000000 -101,000000 0,000000 0,000000
221 1631355972 12690,000000 -1,000000 -101,000000 0,000000 0,000000
221 1631355973 12690,000000 -1,000000 -101,000000 0,000000 0,000000
221 1631355974 12690,000000 -1,000000 -101,000000 0,000000 0,000000
221 1631355975 20778,400000 -1,000000 -101,000000 0,000000 0,000000
221 1631355976 20778,400000 -1,000000 -101,000000 0,000000 0,000000
221 1631355977 20778,400000 -1,000000 -101,000000 0,000000 0,000000
221 1631355978 20778,400000 -1,000000 -101,000000 0,000000 0,000000
221 1631355979 20778,400000 -1,000000 -101,000000 0,000000 0,000000
221 1631355980 555,800000 -1,000000 -101,000000 0,000000 0,000000
221 1631355981 555,800000 -1,000000 -101,000000 0,000000 0,000000
221 1631355982 555,800000 -1,000000 -101,000000 0,000000 0,000000
221 1631355983 555,800000 -1,000000 -101,000000 0,000000 0,000000
221 1631355984 555,800000 -1,000000 -101,000000 0,000000 0,000000
221 1631355985 5863,200000 -1,000000 -101,000000 0,000000 0,000000
221 1631355986 5863,200000 -1,000000 -101,000000 0,000000 0,000000
221 1631355987 5863,200000 -1,000000 -101,000000 0,000000 0,000000
221 1631355988 5863,200000 -1,000000 -101,000000 0,000000 0,000000
221 1631355989 5863,200000 -1,000000 -101,000000 0,000000 0,000000
221 1631355990 31001,200000 -1,000000 -101,000000 0,000000 0,000000
221 1631355991 31001,200000 -1,000000 -101,000000 0,000000 0,000000
221 1631355992 31001,200000 -1,000000 -101,000000 0,000000 0,000000
221 1631355993 31001,200000 -1,000000 -101,000000 0,000000 0,000000
221 1631355994 31001,200000 -1,000000 -101,000000 0,000000 0,000000
221 1631355995 47132,000000 -1,000000 -101,000000 0,000000 0,000000
221 1631355996 47132,000000 -1,000000 -101,000000 0,000000 0,000000
221 1631355997 47132,000000 -1,000000 -101,000000 0,000000 0,000000
221 1631355998 47132,000000 -1,000000 -101,000000 0,000000 0,000000
221 1631355999 47132,000000 -1,000000 -101,000000 0,000000 0,000000
221 1631356000 4620,200000 -1,000000 -101,000000 0,000000 0,000000
221 1631356001 4620,200000 -1,000000 -101,000000 0,000000 0,000000
221 1631356002 4620,200000 -1,000000 -101,000000 0,000000 0,000000
221 1631356003 4620,200000 -1,000000 -101,000000 0,000000 0,000000
221 1631356004 4620,200000 -1,000000 -101,000000 0,000000 0,000000
221 1631356005 23320,800000 -1,000000 -101,000000 0,000000 0,000000
221 1631356006 23320,800000 -1,000000 -101,000000 0,000000 0,000000
221 1631356007 23320,800000 -1,000000 -101,000000 0,000000 0,000000
221 1631356008 23320,800000 -1,000000 -101,000000 0,000000 0,000000
221 1631356009 23320,800000 -1,000000 -101,000000 0,000000 0,000000
221 1631356010 20839,000000 -1,000000 -101,000000 0,000000 0,000000
221 1631356011 20839,000000 -1,000000 -101,000000 0,000000 0,000000
221 1631356012 20839,000000 -1,000000 -101,000000 0,000000 0,000000
221 1631356013 20839,000000 -1,000000 -101,000000 0,000000 0,000000
221 1631356014 20839,000000 -1,000000 -101,000000 0,000000 0,000000
221 1631356015 18078,400000 -1,000000 -101,000000 0,000000 0,000000
221 1631356016 18078,400000 -1,000000 -101,000000 0,000000 0,000000
221 1631356017 18078,400000 -1,000000 -101,000000 0,000000 0,000000
221 1631356018 18078,400000 -1,000000 -101,000000 0,000000 0,000000
221 1631356019 18078,400000 -1,000000 -101,000000 0,000000 0,000000
221 1631356020 1640,600000 -1,000000 -101,000000 0,000000 0,000000
221 1631356021 1640,600000 -1,000000 -101,000000 0,000000 0,000000
221 1631356022 1640,600000 -1,000000 -101,000000 0,000000 0,000000
221 1631356023 1640,600000 -1,000000 -101,000000 0,000000 0,000000
221 1631356024 1640,600000 -1,000000 -101,000000 0,000000 0,000000
221 1631356025 4783,200000 -1,000000 -101,000000 0,000000 0,000000
221 1631356026 4783,200000 -1,000000 -101,000000 0,000000 0,000000
221 1631356027 4783,200000 -1,000000 -101,000000 0,000000 0,000000
221 1631356028 4783,200000 -1,000000 -101,000000 0,000000 0,000000
221 1631356029 4783,200000 -1,000000 -101,000000 0,000000 0,000000
221 1631356030 26492,000000 -1,000000 -101,000000 0,000000 0,000000
221 1631356031 26492,000000 -1,000000 -101,000000 0,000000 0,000000
221 1631356032 26492,000000 -1,000000 -101,000000 0,000000 0,000000
221 1631356033 26492,000000 -1,000000 -101,000000 0,000000 0,000000
221 1631356034 26492,000000 -1,000000 -101,000000 0,000000 0,000000
221 1631356035 25898,600000 -1,000000 -101,000000 0,000000 0,000000
221 1631356036 25898,600000 -1,000000 -101,000000 0,000000 0,000000
221 1631356037 25898,600000 -1,000000 -101,000000 0,000000 0,000000
221 1631356038 25898,600000 -1,000000 -101,000000 0,000000 0,000000
221 1631356039 25898,600000 -1,000000 -101,000000 0,000000 0,000000
221 1631356040 33144,000000 -1,000000 -101,000000 0,000000 0,000000
221 1631356041 33144,000000 -1,000000 -101,000000 0,000000 0,000000
221 1631356042 33144,000000 -1,000000 -101,000000 0,000000 0,000000
221 1631356043 33144,000000 -1,000000 -101,000000 0,000000 0,000000
221 1631356044 33144,000000 -1,000000 -101,000000 0,000000 0,000000
221 1631356045 9882,600000 -1,000000 -101,000000 0,000000 0,000000
221 1631356046 9882,600000 -1,000000 -101,000000 0,000000 0,000000
221 1631356047 9882,600000 -1,000000 -101,000000 0,000000 0,000000
221 1631356048 9882,600000 -1,000000 -101,000000 0,000000 0,000000
221 1631356049 9882,600000 -1,000000 -101,000000 0,000000 0,000000
221 1631356050 50025,000000 -1,000000 -101,000000 0,000000 0,000000
221 1631356051 50025,000000 -1,000000 -101,000000 0,000000 0,000000
221 1631356052 50025,000000 -1,000000 -101,000000 0,000000 0,000000
221 1631356053 50025,000000 -1,000000 -101,000000 0,000000 0,000000
221 1631356054 50025,000000 -1,000000 -101,000000 0,000000 0,000000
221 1631356055 24154,200000 -1,000000 -101,000000 0,000000 0,000000
221 1631356056 24154,200000 -1,000000 -101,000000 0,000000 0,000000
221 1631356057 24154,200000 -1,000000 -101,000000 0,000000 0,000000
221 1631356058 24154,200000 -1,000000 -101,000000 0,000000 0,000000
221 1631356059 24154,200000 -1,000000 -101,000000 0,000000 0,000000
221 1631356060 4294,200000 -1,000000 -101,000000 0,000000 0,000000
221 1631356061 4294,200000 -1,000000 -101,000000 0,000000 0,000000
221 1631356062 4294,200000 -1,000000 -101,000000 0,000000 0,000000
221 1631356063 4294,200000 -1,000000 -101,000000 0,000000 0,000000
221 1631356064 4294,200000 -1,000000 -101,000000 0,000000 0,000000
221 1631356065 8701,800000 -1,000000 -101,000000 0,000000 0,000000
221 1631356066 8701,800000 -1,000000 -101,000000 0,000000 0,000000
221 1631356067 8701,800000 -1,000000 -101,000000 0,000000 0,000000
221 1631356068 8701,800000 -1,000000 -101,000000 0,000000 0,000000
221 1631356069 8701,800000 -1,000000 -101,000000 0,000000 0,000000
221 1631356070 48968,400000 -1,000000 -101,000000 0,000000 0,000000
221 1631356071 48968,400000 -1,000000 -101,000000 0,000000 0,000000
221 1631356072 48968,400000 -1,000000 -101,000000 0,000000 0,000000
221 1631356073 48968,400000 -1,000000 -101,000000 0,000000 0,000000
221 1631356074 48968,400000 -1,000000 -101,000000 0,000000 0,000000
221 1631356075 21380,800000 -1,000000 -101,000000 0,000000 0,000000
221 1631356076 21380,800000 -1,000000 -101,000000 0,000000 0,000000
221 1631356077 21380,800000 -1,000000 -101,000000 0,000000 0,000000
221 1631356078 21380,800000 -1,000000 -101,000000 0,000000 0,000000
221 1631356079 21380,800000 -1,000000 -101,000000 0,000000 0,000000
221 1631356080 26584,000000 -1,000000 -101,000000 0,000000 0,000000
221 1631356081 26584,000000 -1,000000 -101,000000 0,000000 0,000000
221 1631356082 26584,000000 -1,000000 -101,000000 0,000000 0,000000
221 1631356083 26584,000000 -1,000000 -101,000000 0,000000 0,000000
221 1631356084 26584,000000 -1,000000 -101,000000 0,000000 0,000000
221 1631356085 6356,800000 -1,000000 -101,000000 0,000000 0,000000
221 1631356086 6356,800000 -1,000000 -101,000000 0,000000 0,000000
221 1631356087 6356,800000 -1,000000 -101,000000 0,000000 0,000000
221 1631356088 6356,800000 -1,000000 -101,000000 0,000000 0,000000
221 1631356089 6356,800000 -1,000000 -101,000000 0,000000 0,000000
221 1631356090 22390,800000 -1,000000 -101,000000 0,000000 0,000000
221 1631356091 22390,800000 -1,000000 -101,000000 0,000000 0,000000
221 1631356092 22390,800000 -1,000000 -101,000000 0,000000 0,000000
221 1631356093 22390,800000 -1,000000 -101,000000 0,000000 0,000000
221 1631356094 22390,800000 -1,000000 -101,000000 0,000000 0,000000
221 1631356095 19073,200000 -1,000000 -101,000000 0,000000 0,000000
221 1631356096 19073,200000 -1,000000 -101,000000 0,000000 0,000000
221 1631356097 19073,200000 -1,000000 -101,000000 0,000000 0,000000
221 1631356098 19073,200000 -1,000000 -101,000000 0,000000 0,000000
221 1631356099 19073,200000 -1,000000 -101,000000 0,000000 0,000000
221 1631356100 1640,600000 -1,000000 -101,000000 0,000000 0,000000
221 1631356101 1640,600000 -1,000000 -101,000000 0,000000 0,000000
221 1631356102 1640,600000 -1,000000 -101,000000 0,000000 0,000000
221 1631356103 1640,600000 -1,000000 -101,000000 0,000000 0,000000
221 1631356104 1640,600000 -1,000000 -101,000000 0,000000 0,000000
221 1631356105 4785,000000 -1,000000 -101,000000 0,000000 0,000000
221 1631356106 4785,000000 -1,000000 -101,000000 0,000000 0,000000
221 1631356107 4785,000000 -1,000000 -101,000000 0,000000 0,000000
221 1631356108 4785,000000 -1,000000 -101,000000 0,000000 0,000000
221 1631356109 4785,000000 -1,000000 -101,000000 0,000000 0,000000
221 1631356110 22791,800000 -1,000000 -101,000000 0,000000 0,000000
221 1631356111 22791,800000 -1,000000 -101,000000 0,000000 0,000000
221 1631356112 22791,800000 -1,000000 -101,000000 0,000000 0,000000
221 1631356113 22791,800000 -1,000000 -101,000000 0,000000 0,000000
221 1631356114 22791,800000 -1,000000 -101,000000 0,000000 0,000000
221 1631356115 48441,000000 -1,000000 -101,000000 0,000000 0,000000
221 1631356116 48441,000000 -1,000000 -101,000000 0,000000 0,000000
221 1631356117 48441,000000 -1,000000 -101,000000 0,000000 0,000000
221 1631356118 48441,000000 -1,000000 -101,000000 0,000000 0,000000
221 1631356119 48441,000000 -1,000000 -101,000000 0,000000 0,000000
221 1631356120 6181,600000 -1,000000 -101,000000 0,000000 0,000000
221 1631356121 6181,600000 -1,000000 -101,000000 0,000000 0,000000
221 1631356122 6181,600000 -1,000000 -101,000000 0,000000 0,000000
221 1631356123 6181,600000 -1,000000 -101,000000 0,000000 0,000000
221 1631356124 6181,600000 -1,000000 -101,000000 0,000000 0,000000
221 1631356125 28541,600000 -1,000000 -101,000000 0,000000 0,000000
221 1631356126 28541,600000 -1,000000 -101,000000 0,000000 0,000000
221 1631356127 28541,600000 -1,000000 -101,000000 0,000000 0,000000
221 1631356128 28541,600000 -1,000000 -101,000000 0,000000 0,000000
221 1631356129 28541,600000 -1,000000 -101,000000 0,000000 0,000000
221 1631356130 21054,000000 -1,000000 -101,000000 0,000000 0,000000
221 1631356131 21054,000000 -1,000000 -101,000000 0,000000 0,000000
221 1631356132 21054,000000 -1,000000 -101,000000 0,000000 0,000000
221 1631356133 21054,000000 -1,000000 -101,000000 0,000000 0,000000
221 1631356134 21054,000000 -1,000000 -101,000000 0,000000 0,000000
221 1631356135 19377,600000 -1,000000 -101,000000 0,000000 0,000000
221 1631356136 19377,600000 -1,000000 -101,000000 0,000000 0,000000
221 1631356137 19377,600000 -1,000000 -101,000000 0,000000 0,000000
221 1631356138 19377,600000 -1,000000 -101,000000 0,000000 0,000000
221 1631356139 19377,600000 -1,000000 -101,000000 0,000000 0,000000
221 1631356140 5000,800000 -1,000000 -101,000000 0,000000 0,000000
221 1631356141 5000,800000 -1,000000 -101,000000 0,000000 0,000000
221 1631356142 5000,800000 -1,000000 -101,000000 0,000000 0,000000
221 1631356143 5000,800000 -1,000000 -101,000000 0,000000 0,000000
221 1631356144 5000,800000 -1,000000 -101,000000 0,000000 0,000000
221 1631356145 32484,000000 -1,000000 -101,000000 0,000000 0,000000
221 1631356146 32484,000000 -1,000000 -101,000000 0,000000 0,000000
221 1631356147 32484,000000 -1,000000 -101,000000 0,000000 0,000000
221 1631356148 32484,000000 -1,000000 -101,000000 0,000000 0,000000
221 1631356149 32484,000000 -1,000000 -101,000000 0,000000 0,000000
221 1631356150 24370,000000 -1,000000 -101,000000 0,000000 0,000000
221 1631356151 24370,000000 -1,000000 -101,000000 0,000000 0,000000
221 1631356152 24370,000000 -1,000000 -101,000000 0,000000 0,000000
221 1631356153 24370,000000 -1,000000 -101,000000 0,000000 0,000000
221 1631356154 24370,000000 -1,000000 -101,000000 0,000000 0,000000
221 1631356155 41274,400000 -1,000000 -101,000000 0,000000 0,000000
221 1631356156 41274,400000 -1,000000 -101,000000 0,000000 0,000000
221 1631356157 41274,400000 -1,000000 -101,000000 0,000000 0,000000
221 1631356158 41274,400000 -1,000000 -101,000000 0,000000 0,000000
221 1631356159 41274,400000 -1,000000 -101,000000 0,000000 0,000000
221 1631356160 1640,600000 -1,000000 -101,000000 0,000000 0,000000
221 1631356161 1640,600000 -1,000000 -101,000000 0,000000 0,000000
221 1631356162 1640,600000 -1,000000 -101,000000 0,000000 0,000000
221 1631356163 1640,600000 -1,000000 -101,000000 0,000000 0,000000
221 1631356164 1640,600000 -1,000000 -101,000000 0,000000 0,000000
221 1631356165 4785,600000 -1,000000 -101,000000 0,000000 0,000000
221 1631356166 4785,600000 -1,000000 -101,000000 0,000000 0,000000
221 1631356167 4785,600000 -1,000000 -101,000000 0,000000 0,000000
221 1631356168 4785,600000 -1,000000 -101,000000 0,000000 0,000000
221 1631356169 4785,600000 -1,000000 -101,000000 0,000000 0,000000
221 1631356170 9490,400000 -1,000000 -101,000000 0,000000 0,000000
221 1631356171 9490,400000 -1,000000 -101,000000 0,000000 0,000000
221 1631356172 9490,400000 -1,000000 -101,000000 0,000000 0,000000
221 1631356173 9490,400000 -1,000000 -101,000000 0,000000 0,000000
221 1631356174 9490,400000 -1,000000 -101,000000 0,000000 0,000000
221 1631356175 6732,600000 -1,000000 -101,000000 0,000000 0,000000
221 1631356176 6732,600000 -1,000000 -101,000000 0,000000 0,000000
221 1631356177 6732,600000 -1,000000 -101,000000 0,000000 0,000000
221 1631356178 6732,600000 -1,000000 -101,000000 0,000000 0,000000
221 1631356179 6732,600000 -1,000000 -101,000000 0,000000 0,000000
221 1631356180 1639,000000 -1,000000 -101,000000 0,000000 0,000000
221 1631356181 1639,000000 -1,000000 -101,000000 0,000000 0,000000
221 1631356182 1639,000000 -1,000000 -101,000000 0,000000 0,000000
221 1631356183 1639,000000 -1,000000 -101,000000 0,000000 0,000000
221 1631356184 1639,000000 -1,000000 -101,000000 0,000000 0,000000
221 1631356185 5867,600000 -1,000000 -101,000000 0,000000 0,000000
221 1631356186 5867,600000 -1,000000 -101,000000 0,000000 0,000000
221 1631356187 5867,600000 -1,000000 -101,000000 0,000000 0,000000
221 1631356188 5867,600000 -1,000000 -101,000000 0,000000 0,000000
221 1631356189 5867,600000 -1,000000 -101,000000 0,000000 0,000000
221 1631356190 51686,000000 -1,000000 -101,000000 0,000000 0,000000
221 1631356191 51686,000000 -1,000000 -101,000000 0,000000 0,000000
221 1631356192 51686,000000 -1,000000 -101,000000 0,000000 0,000000
221 1631356193 51686,000000 -1,000000 -101,000000 0,000000 0,000000
221 1631356194 51686,000000 -1,000000 -101,000000 0,000000 0,000000
221 1631356195 29197,800000 -1,000000 -101,000000 0,000000 0,000000
221 1631356196 29197,800000 -1,000000 -101,000000 0,000000 0,000000
221 1631356197 29197,800000 -1,000000 -101,000000 0,000000 0,000000
221 1631356198 29197,800000 -1,000000 -101,000000 0,000000 0,000000
221 1631356199 29197,800000 -1,000000 -101,000000 0,000000 0,000000
221 1631356200 18533,800000 -1,000000 -101,000000 0,000000 0,000000
221 1631356201 18533,800000 -1,000000 -101,000000 0,000000 0,000000
221 1631356202 18533,800000 -1,000000 -101,000000 0,000000 0,000000
221 1631356203 18533,800000 -1,000000 -101,000000 0,000000 0,000000
221 1631356204 18533,800000 -1,000000 -101,000000 0,000000 0,000000
221 1631356205 4848,600000 -1,000000 -101,000000 0,000000 0,000000
221 1631356206 4848,600000 -1,000000 -101,000000 0,000000 0,000000
221 1631356207 4848,600000 -1,000000 -101,000000 0,000000 0,000000
221 1631356208 4848,600000 -1,000000 -101,000000 0,000000 0,000000
221 1631356209 4848,600000 -1,000000 -101,000000 0,000000 0,000000
221 1631356210 5231,000000 -1,000000 -101,000000 0,000000 0,000000
221 1631356211 5231,000000 -1,000000 -101,000000 0,000000 0,000000
221 1631356212 5231,000000 -1,000000 -101,000000 0,000000 0,000000
221 1631356213 5231,000000 -1,000000 -101,000000 0,000000 0,000000
221 1631356214 5231,000000 -1,000000 -101,000000 0,000000 0,000000
221 1631356215 24100,600000 -1,000000 -101,000000 0,000000 0,000000
221 1631356216 24100,600000 -1,000000 -101,000000 0,000000 0,000000
221 1631356217 24100,600000 -1,000000 -101,000000 0,000000 0,000000
221 1631356218 24100,600000 -1,000000 -101,000000 0,000000 0,000000
221 1631356219 24100,600000 -1,000000 -101,000000 0,000000 0,000000
221 1631356220 40737,200000 -1,000000 -101,000000 0,000000 0,000000
221 1631356221 40737,200000 -1,000000 -101,000000 0,000000 0,000000
221 1631356222 40737,200000 -1,000000 -101,000000 0,000000 0,000000
221 1631356223 40737,200000 -1,000000 -101,000000 0,000000 0,000000
221 1631356224 40737,200000 -1,000000 -101,000000 0,000000 0,000000
221 1631356225 8941,200000 -1,000000 -101,000000 0,000000 0,000000
221 1631356226 8941,200000 -1,000000 -101,000000 0,000000 0,000000
221 1631356227 8941,200000 -1,000000 -101,000000 0,000000 0,000000
221 1631356228 8941,200000 -1,000000 -101,000000 0,000000 0,000000
221 1631356229 8941,200000 -1,000000 -101,000000 0,000000 0,000000
221 1631356230 22128,400000 -1,000000 -101,000000 0,000000 0,000000
221 1631356231 22128,400000 -1,000000 -101,000000 0,000000 0,000000
221 1631356232 22128,400000 -1,000000 -101,000000 0,000000 0,000000
221 1631356233 22128,400000 -1,000000 -101,000000 0,000000 0,000000
221 1631356234 22128,400000 -1,000000 -101,000000 0,000000 0,000000
221 1631356235 26618,000000 -1,000000 -101,000000 0,000000 0,000000
221 1631356236 26618,000000 -1,000000 -101,000000 0,000000 0,000000
221 1631356237 26618,000000 -1,000000 -101,000000 0,000000 0,000000
221 1631356238 26618,000000 -1,000000 -101,000000 0,000000 0,000000
221 1631356239 26618,000000 -1,000000 -101,000000 0,000000 0,000000
221 1631356240 24138,200000 -1,000000 -101,000000 0,000000 0,000000
221 1631356241 24138,200000 -1,000000 -101,000000 0,000000 0,000000
221 1631356242 24138,200000 -1,000000 -101,000000 0,000000 0,000000
221 1631356243 24138,200000 -1,000000 -101,000000 0,000000 0,000000
221 1631356244 24138,200000 -1,000000 -101,000000 0,000000 0,000000
221 1631356245 5408,200000 -1,000000 -101,000000 0,000000 0,000000
221 1631356246 5408,200000 -1,000000 -101,000000 0,000000 0,000000
221 1631356247 5408,200000 -1,000000 -101,000000 0,000000 0,000000
221 1631356248 5408,200000 -1,000000 -101,000000 0,000000 0,000000
221 1631356249 5408,200000 -1,000000 -101,000000 0,000000 0,000000
221 1631356250 4149,400000 -1,000000 -101,000000 0,000000 0,000000
221 1631356251 4149,400000 -1,000000 -101,000000 0,000000 0,000000
221 1631356252 4149,400000 -1,000000 -101,000000 0,000000 0,000000
221 1631356253 4149,400000 -1,000000 -101,000000 0,000000 0,000000
221 1631356254 4149,400000 -1,000000 -101,000000 0,000000 0,000000
221 1631356255 24873,200000 -1,000000 -101,000000 0,000000 0,000000
221 1631356256 24873,200000 -1,000000 -101,000000 0,000000 0,000000
221 1631356257 24873,200000 -1,000000 -101,000000 0,000000 0,000000
221 1631356258 24873,200000 -1,000000 -101,000000 0,000000 0,000000
221 1631356259 24873,200000 -1,000000 -101,000000 0,000000 0,000000
221 1631356260 24072,000000 -1,000000 -101,000000 0,000000 0,000000
221 1631356261 24072,000000 -1,000000 -101,000000 0,000000 0,000000
221 1631356262 24072,000000 -1,000000 -101,000000 0,000000 0,000000
221 1631356263 24072,000000 -1,000000 -101,000000 0,000000 0,000000
221 1631356324 17781,400000 -1,000000 17781,400000 17781,400000 63235637,192000
221 1631356323 17781,400000 -1,000000 17781,400000 17781,400000 63235637,192000
221 1631356322 17781,400000 -1,000000 17781,400000 17781,400000 63235637,192000
221 1631356321 17781,400000 -1,000000 17781,400000 17781,400000 63235637,192000
221 1631356320 17781,400000 -1,000000 17781,400000 17781,400000 63235637,192000
221 1631356319 20753,600000 -1,000000 20753,600000 20753,600000 86142382,592000
221 1631356318 20753,600000 -1,000000 20753,600000 20753,600000 86142382,592000
221 1631356317 20753,600000 -1,000000 20753,600000 20753,600000 86142382,592000
221 1631356316 20753,600000 -1,000000 20753,600000 20753,600000 86142382,592000
221 1631356315 20753,600000 -1,000000 20753,600000 20753,600000 86142382,592000
221 1631356314 4150,400000 -1,000000 4150,400000 4150,400000 3445164,032000
221 1631356313 4150,400000 -1,000000 4150,400000 4150,400000 3445164,032000
221 1631356312 4150,400000 -1,000000 4150,400000 4150,400000 3445164,032000
221 1631356311 4150,400000 -1,000000 4150,400000 4150,400000 3445164,032000
221 1631356310 4150,400000 -1,000000 4150,400000 4150,400000 3445164,032000
221 1631356309 23829,800000 -1,000000 23829,800000 23829,800000 113571873,608000
221 1631356308 23829,800000 -1,000000 23829,800000 23829,800000 113571873,608000
221 1631356307 23829,800000 -1,000000 23829,800000 23829,800000 113571873,608000
221 1631356306 23829,800000 -1,000000 23829,800000 23829,800000 113571873,608000
221 1631356305 23829,800000 -1,000000 23829,800000 23829,800000 113571873,608000
221 1631356304 21445,400000 -1,000000 21445,400000 21445,400000 91981036,232000
221 1631356303 21445,400000 -1,000000 21445,400000 21445,400000 91981036,232000
221 1631356302 21445,400000 -1,000000 21445,400000 21445,400000 91981036,232000
221 1631356301 21445,400000 -1,000000 21445,400000 21445,400000 91981036,232000
221 1631356300 21445,400000 -1,000000 21445,400000 21445,400000 91981036,232000
221 1631356299 44592,200000 -1,000000 44592,200000 44592,200000 397692860,168000
221 1631356298 44592,200000 -1,000000 44592,200000 44592,200000 397692860,168000
221 1631356297 44592,200000 -1,000000 44592,200000 44592,200000 397692860,168000
221 1631356296 44592,200000 -1,000000 44592,200000 44592,200000 397692860,168000
221 1631356295 44592,200000 -1,000000 44592,200000 44592,200000 397692860,168000
221 1631356294 7513,400000 -1,000000 7513,400000 7513,400000 11290235,912000
221 1631356293 7513,400000 -1,000000 7513,400000 7513,400000 11290235,912000
221 1631356292 7513,400000 -1,000000 7513,400000 7513,400000 11290235,912000
221 1631356291 7513,400000 -1,000000 7513,400000 7513,400000 11290235,912000
221 1631356290 7513,400000 -1,000000 7513,400000 7513,400000 11290235,912000
221 1631356289 5934,600000 -1,000000 5934,600000 5934,600000 7043895,432000
221 1631356288 5934,600000 -1,000000 5934,600000 5934,600000 7043895,432000
221 1631356287 5934,600000 -1,000000 5934,600000 5934,600000 7043895,432000
221 1631356286 5934,600000 -1,000000 5934,600000 5934,600000 7043895,432000
221 1631356285 5934,600000 -1,000000 5934,600000 5934,600000 7043895,432000
221 1631356284 16680,800000 -1,000000 16680,800000 16680,800000 55649817,728000
221 1631356283 16680,800000 -1,000000 16680,800000 16680,800000 55649817,728000
221 1631356282 16680,800000 -1,000000 16680,800000 16680,800000 55649817,728000
221 1631356281 16680,800000 -1,000000 16680,800000 16680,800000 55649817,728000
221 1631356280 16680,800000 -1,000000 16680,800000 16680,800000 55649817,728000
221 1631356279 39418,400000 -1,000000 39418,400000 39418,400000 310762051,712000
221 1631356278 39418,400000 -1,000000 39418,400000 39418,400000 310762051,712000
221 1631356277 39418,400000 -1,000000 39418,400000 39418,400000 310762051,712000
221 1631356276 39418,400000 -1,000000 39418,400000 39418,400000 310762051,712000
221 1631356275 39418,400000 -1,000000 39418,400000 39418,400000 310762051,712000
221 1631356274 9252,400000 -1,000000 9252,400000 9252,400000 17121381,152000
221 1631356273 9252,400000 -1,000000 9252,400000 9252,400000 17121381,152000
221 1631356272 9252,400000 -1,000000 9252,400000 9252,400000 17121381,152000
221 1631356271 9252,400000 -1,000000 9252,400000 9252,400000 17121381,152000
221 1631356270 9252,400000 -1,000000 9252,400000 9252,400000 17121381,152000
221 1631356269 31931,200000 -1,000000 31931,200000 31931,200000 203920306,688000
221 1631356268 31931,200000 -1,000000 31931,200000 31931,200000 203920306,688000
221 1631356267 31931,200000 -1,000000 31931,200000 31931,200000 203920306,688000
221 1631356266 31931,200000 -1,000000 31931,200000 31931,200000 203920306,688000
221 1631356265 31931,200000 -1,000000 31931,200000 31931,200000 203920306,688000
221 1631356264 24072,000000 -1,000000 24072,000000 24072,000000 115892236,800000
221 1631356264 24072,000000 -1,000000 -101,000000 0,000000 0,000000
221 1631356265 31931,200000 -1,000000 -101,000000 0,000000 0,000000
221 1631356266 31931,200000 -1,000000 -101,000000 0,000000 0,000000
221 1631356267 31931,200000 -1,000000 -101,000000 0,000000 0,000000
221 1631356268 31931,200000 -1,000000 -101,000000 0,000000 0,000000
221 1631356269 31931,200000 -1,000000 -101,000000 0,000000 0,000000
221 1631356270 9252,400000 -1,000000 -101,000000 0,000000 0,000000
221 1631356271 9252,400000 -1,000000 -101,000000 0,000000 0,000000
221 1631356272 9252,400000 -1,000000 -101,000000 0,000000 0,000000
221 1631356273 9252,400000 -1,000000 -101,000000 0,000000 0,000000
221 1631356274 9252,400000 -1,000000 -101,000000 0,000000 0,000000
221 1631356275 39418,400000 -1,000000 -101,000000 0,000000 0,000000
221 1631356276 39418,400000 -1,000000 -101,000000 0,000000 0,000000
221 1631356277 39418,400000 -1,000000 -101,000000 0,000000 0,000000
221 1631356278 39418,400000 -1,000000 -101,000000 0,000000 0,000000
221 1631356279 39418,400000 -1,000000 -101,000000 0,000000 0,000000
221 1631356280 16680,800000 -1,000000 -101,000000 0,000000 0,000000
221 1631356281 16680,800000 -1,000000 -101,000000 0,000000 0,000000
221 1631356282 16680,800000 -1,000000 -101,000000 0,000000 0,000000
221 1631356283 16680,800000 -1,000000 -101,000000 0,000000 0,000000
221 1631356284 16680,800000 -1,000000 -101,000000 0,000000 0,000000
221 1631356285 5934,600000 -1,000000 -101,000000 0,000000 0,000000
221 1631356286 5934,600000 -1,000000 -101,000000 0,000000 0,000000
221 1631356287 5934,600000 -1,000000 -101,000000 0,000000 0,000000
221 1631356288 5934,600000 -1,000000 -101,000000 0,000000 0,000000
221 1631356289 5934,600000 -1,000000 -101,000000 0,000000 0,000000
221 1631356290 7513,400000 -1,000000 -101,000000 0,000000 0,000000
221 1631356291 7513,400000 -1,000000 -101,000000 0,000000 0,000000
221 1631356292 7513,400000 -1,000000 -101,000000 0,000000 0,000000
221 1631356293 7513,400000 -1,000000 -101,000000 0,000000 0,000000
221 1631356294 7513,400000 -1,000000 -101,000000 0,000000 0,000000
221 1631356295 44592,200000 -1,000000 -101,000000 0,000000 0,000000
221 1631356296 44592,200000 -1,000000 -101,000000 0,000000 0,000000
221 1631356297 44592,200000 -1,000000 -101,000000 0,000000 0,000000
221 1631356298 44592,200000 -1,000000 -101,000000 0,000000 0,000000
221 1631356299 44592,200000 -1,000000 -101,000000 0,000000 0,000000
221 1631356300 21445,400000 -1,000000 -101,000000 0,000000 0,000000
221 1631356301 21445,400000 -1,000000 -101,000000 0,000000 0,000000
221 1631356302 21445,400000 -1,000000 -101,000000 0,000000 0,000000
221 1631356303 21445,400000 -1,000000 -101,000000 0,000000 0,000000
221 1631356304 21445,400000 -1,000000 -101,000000 0,000000 0,000000
221 1631356305 23829,800000 -1,000000 -101,000000 0,000000 0,000000
221 1631356306 23829,800000 -1,000000 -101,000000 0,000000 0,000000
221 1631356307 23829,800000 -1,000000 -101,000000 0,000000 0,000000
221 1631356308 23829,800000 -1,000000 -101,000000 0,000000 0,000000
221 1631356309 23829,800000 -1,000000 -101,000000 0,000000 0,000000
221 1631356310 4150,400000 -1,000000 -101,000000 0,000000 0,000000
221 1631356311 4150,400000 -1,000000 -101,000000 0,000000 0,000000
221 1631356312 4150,400000 -1,000000 -101,000000 0,000000 0,000000
221 1631356313 4150,400000 -1,000000 -101,000000 0,000000 0,000000
221 1631356314 4150,400000 -1,000000 -101,000000 0,000000 0,000000
221 1631356315 20753,600000 -1,000000 -101,000000 0,000000 0,000000
221 1631356316 20753,600000 -1,000000 -101,000000 0,000000 0,000000
221 1631356317 20753,600000 -1,000000 -101,000000 0,000000 0,000000
221 1631356318 20753,600000 -1,000000 -101,000000 0,000000 0,000000
221 1631356319 20753,600000 -1,000000 -101,000000 0,000000 0,000000
221 1631356320 17781,400000 -1,000000 -101,000000 0,000000 0,000000
221 1631356321 17781,400000 -1,000000 -101,000000 0,000000 0,000000
221 1631356322 17781,400000 -1,000000 -101,000000 0,000000 0,000000
221 1631356323 17781,400000 -1,000000 -101,000000 0,000000 0,000000
221 1631356324 17781,400000 -1,000000 -101,000000 0,000000 0,000000
221 1631356325 4850,600000 -1,000000 -101,000000 0,000000 0,000000
221 1631356326 4850,600000 -1,000000 -101,000000 0,000000 0,000000
221 1631356327 4850,600000 -1,000000 -101,000000 0,000000 0,000000
221 1631356328 4850,600000 -1,000000 -101,000000 0,000000 0,000000
221 1631356329 4850,600000 -1,000000 -101,000000 0,000000 0,000000
221 1631356330 5231,800000 -1,000000 -101,000000 0,000000 0,000000
221 1631356331 5231,800000 -1,000000 -101,000000 0,000000 0,000000
221 1631356332 5231,800000 -1,000000 -101,000000 0,000000 0,000000
221 1631356333 5231,800000 -1,000000 -101,000000 0,000000 0,000000
221 1631356334 5231,800000 -1,000000 -101,000000 0,000000 0,000000
221 1631356335 23466,000000 -1,000000 -101,000000 0,000000 0,000000
221 1631356336 23466,000000 -1,000000 -101,000000 0,000000 0,000000
221 1631356337 23466,000000 -1,000000 -101,000000 0,000000 0,000000
221 1631356338 23466,000000 -1,000000 -101,000000 0,000000 0,000000
221 1631356339 23466,000000 -1,000000 -101,000000 0,000000 0,000000
221 1631356340 38917,000000 -1,000000 -101,000000 0,000000 0,000000
221 1631356341 38917,000000 -1,000000 -101,000000 0,000000 0,000000
221 1631356342 38917,000000 -1,000000 -101,000000 0,000000 0,000000
221 1631356343 38917,000000 -1,000000 -101,000000 0,000000 0,000000
221 1631356344 38917,000000 -1,000000 -101,000000 0,000000 0,000000
221 1631356345 9395,400000 -1,000000 -101,000000 0,000000 0,000000
221 1631356346 9395,400000 -1,000000 -101,000000 0,000000 0,000000
221 1631356347 9395,400000 -1,000000 -101,000000 0,000000 0,000000
221 1631356348 9395,400000 -1,000000 -101,000000 0,000000 0,000000
221 1631356349 9395,400000 -1,000000 -101,000000 0,000000 0,000000
221 1631356350 23557,400000 -1,000000 -101,000000 0,000000 0,000000
221 1631356351 23557,400000 -1,000000 -101,000000 0,000000 0,000000
221 1631356352 23557,400000 -1,000000 -101,000000 0,000000 0,000000
221 1631356353 23557,400000 -1,000000 -101,000000 0,000000 0,000000
221 1631356354 23557,400000 -1,000000 -101,000000 0,000000 0,000000
221 1631356355 20951,800000 -1,000000 -101,000000 0,000000 0,000000
221 1631356356 20951,800000 -1,000000 -101,000000 0,000000 0,000000
221 1631356357 20951,800000 -1,000000 -101,000000 0,000000 0,000000
221 1631356358 20951,800000 -1,000000 -101,000000 0,000000 0,000000
221 1631356359 20951,800000 -1,000000 -101,000000 0,000000 0,000000
221 1631356422 9440,333333 -1,000000 9440,333333 9440,333333 17823978,688889
221 1631356421 9440,333333 -1,000000 9440,333333 9440,333333 17823978,688889
221 1631356420 9440,333333 -1,000000 9440,333333 9440,333333 17823978,688889
221 1631356419 25728,200000 -1,000000 25728,200000 25728,200000 132388055,048000
221 1631356418 25728,200000 -1,000000 25728,200000 25728,200000 132388055,048000
221 1631356417 25728,200000 -1,000000 25728,200000 25728,200000 132388055,048000
221 1631356416 25728,200000 -1,000000 25728,200000 25728,200000 132388055,048000
221 1631356415 25728,200000 -1,000000 25728,200000 25728,200000 132388055,048000
221 1631356414 5936,000000 -1,000000 5936,000000 5936,000000 7047219,200000
221 1631356413 5936,000000 -1,000000 5936,000000 5936,000000 7047219,200000
221 1631356412 5936,000000 -1,000000 5936,000000 5936,000000 7047219,200000
221 1631356411 5936,000000 -1,000000 5936,000000 5936,000000 7047219,200000
221 1631356410 5936,000000 -1,000000 5936,000000 5936,000000 7047219,200000
221 1631356409 3739,200000 -1,000000 3739,200000 3739,200000 2796323,328000
221 1631356408 3739,200000 -1,000000 3739,200000 3739,200000 2796323,328000
221 1631356407 3739,200000 -1,000000 3739,200000 3739,200000 2796323,328000
221 1631356406 3739,200000 -1,000000 3739,200000 3739,200000 2796323,328000
221 1631356405 3739,200000 -1,000000 3739,200000 3739,200000 2796323,328000
221 1631356404 26726,400000 -1,000000 26726,400000 26726,400000 142860091,392000
221 1631356403 26726,400000 -1,000000 26726,400000 26726,400000 142860091,392000
221 1631356402 26726,400000 -1,000000 26726,400000 26726,400000 142860091,392000
221 1631356401 26726,400000 -1,000000 26726,400000 26726,400000 142860091,392000
221 1631356400 26726,400000 -1,000000 26726,400000 26726,400000 142860091,392000
221 1631356399 27539,600000 -1,000000 27539,600000 27539,600000 151685913,632000
221 1631356398 27539,600000 -1,000000 27539,600000 27539,600000 151685913,632000
221 1631356397 27539,600000 -1,000000 27539,600000 27539,600000 151685913,632000
221 1631356396 27539,600000 -1,000000 27539,600000 27539,600000 151685913,632000
221 1631356395 27539,600000 -1,000000 27539,600000 27539,600000 151685913,632000
221 1631356394 4145,400000 -1,000000 4145,400000 4145,400000 3436868,232000
221 1631356393 4145,400000 -1,000000 4145,400000 4145,400000 3436868,232000
221 1631356392 4145,400000 -1,000000 4145,400000 4145,400000 3436868,232000
221 1631356391 4145,400000 -1,000000 4145,400000 4145,400000 3436868,232000
221 1631356390 4145,400000 -1,000000 4145,400000 4145,400000 3436868,232000
221 1631356389 4851,000000 -1,000000 4851,000000 4851,000000 4706440,200000
221 1631356388 4851,000000 -1,000000 4851,000000 4851,000000 4706440,200000
221 1631356387 4851,000000 -1,000000 4851,000000 4851,000000 4706440,200000
221 1631356386 4851,000000 -1,000000 4851,000000 4851,000000 4706440,200000
221 1631356385 4851,000000 -1,000000 4851,000000 4851,000000 4706440,200000
221 1631356384 24422,000000 -1,000000 24422,000000 24422,000000 119286816,800000
221 1631356383 24422,000000 -1,000000 24422,000000 24422,000000 119286816,800000
221 1631356382 24422,000000 -1,000000 24422,000000 24422,000000 119286816,800000
221 1631356381 24422,000000 -1,000000 24422,000000 24422,000000 119286816,800000
221 1631356380 24422,000000 -1,000000 24422,000000 24422,000000 119286816,800000
221 1631356379 12070,400000 -1,000000 12070,400000 12070,400000 29138911,232000
221 1631356378 12070,400000 -1,000000 12070,400000 12070,400000 29138911,232000
221 1631356377 12070,400000 -1,000000 12070,400000 12070,400000 29138911,232000
221 1631356376 12070,400000 -1,000000 12070,400000 12070,400000 29138911,232000
221 1631356375 12070,400000 -1,000000 12070,400000 12070,400000 29138911,232000
221 1631356374 25939,600000 -1,000000 25939,600000 25939,600000 134572569,632000
221 1631356373 25939,600000 -1,000000 25939,600000 25939,600000 134572569,632000
221 1631356372 25939,600000 -1,000000 25939,600000 25939,600000 134572569,632000
221 1631356371 25939,600000 -1,000000 25939,600000 25939,600000 134572569,632000
221 1631356370 25939,600000 -1,000000 25939,600000 25939,600000 134572569,632000
221 1631356369 6415,000000 -1,000000 6415,000000 6415,000000 8230445,000000
221 1631356368 6415,000000 -1,000000 6415,000000 6415,000000 8230445,000000
221 1631356367 6415,000000 -1,000000 6415,000000 6415,000000 8230445,000000
221 1631356366 6415,000000 -1,000000 6415,000000 6415,000000 8230445,000000
221 1631356365 6415,000000 -1,000000 6415,000000 6415,000000 8230445,000000
221 1631356364 20270,200000 -1,000000 20270,200000 20270,200000 82176201,608000
221 1631356363 20270,200000 -1,000000 20270,200000 20270,200000 82176201,608000
221 1631356362 20270,200000 -1,000000 20270,200000 20270,200000 82176201,608000
221 1631356361 20270,200000 -1,000000 20270,200000 20270,200000 82176201,608000
221 1631356360 20270,200000 -1,000000 20270,200000 20270,200000 82176201,608000
