284 1631381758 4,400000 -1,000000 -101,000000 0,000000 0,000000
284 1631381759 4,400000 -1,000000 -101,000000 0,000000 0,000000
284 1631381760 4,400000 -1,000000 -101,000000 0,000000 0,000000
284 1631381761 4,400000 -1,000000 -101,000000 0,000000 0,000000
284 1631381762 4,400000 -1,000000 -101,000000 0,000000 0,000000
284 1631381763 7,000000 -1,000000 -101,000000 0,000000 0,000000
284 1631381764 7,000000 -1,000000 -101,000000 0,000000 0,000000
284 1631381765 7,000000 -1,000000 -101,000000 0,000000 0,000000
284 1631381766 7,000000 -1,000000 -101,000000 0,000000 0,000000
284 1631381767 7,000000 -1,000000 -101,000000 0,000000 0,000000
284 1631381768 8,000000 -1,000000 -101,000000 0,000000 0,000000
284 1631381769 8,000000 -1,000000 -101,000000 0,000000 0,000000
284 1631381770 8,000000 -1,000000 -101,000000 0,000000 0,000000
284 1631381771 8,000000 -1,000000 -101,000000 0,000000 0,000000
284 1631381772 8,000000 -1,000000 -101,000000 0,000000 0,000000
284 1631381773 10,800000 -1,000000 -101,000000 0,000000 0,000000
284 1631381774 10,800000 -1,000000 -101,000000 0,000000 0,000000
284 1631381775 10,800000 -1,000000 -101,000000 0,000000 0,000000
284 1631381776 10,800000 -1,000000 -101,000000 0,000000 0,000000
284 1631381777 10,800000 -1,000000 -101,000000 0,000000 0,000000
284 1631381778 6,400000 -1,000000 -101,000000 0,000000 0,000000
284 1631381779 6,400000 -1,000000 -101,000000 0,000000 0,000000
284 1631381780 6,400000 -1,000000 -101,000000 0,000000 0,000000
284 1631381781 6,400000 -1,000000 -101,000000 0,000000 0,000000
284 1631381782 6,400000 -1,000000 -101,000000 0,000000 0,000000
284 1631381783 3,400000 -1,000000 -101,000000 0,000000 0,000000
284 1631381784 3,400000 -1,000000 -101,000000 0,000000 0,000000
284 1631381785 3,400000 -1,000000 -101,000000 0,000000 0,000000
284 1631381786 3,400000 -1,000000 -101,000000 0,000000 0,000000
284 1631381787 3,400000 -1,000000 -101,000000 0,000000 0,000000
284 1631381803 2,200000 -1,000000 -101,000000 0,000000 0,000000
284 1631381804 2,200000 -1,000000 -101,000000 0,000000 0,000000
284 1631381805 2,200000 -1,000000 -101,000000 0,000000 0,000000
284 1631381806 2,200000 -1,000000 -101,000000 0,000000 0,000000
284 1631381807 2,200000 -1,000000 -101,000000 0,000000 0,000000
284 1631381808 3,600000 -1,000000 -101,000000 0,000000 0,000000
284 1631381809 3,600000 -1,000000 -101,000000 0,000000 0,000000
284 1631381810 3,600000 -1,000000 -101,000000 0,000000 0,000000
284 1631381811 3,600000 -1,000000 -101,000000 0,000000 0,000000
284 1631381812 3,600000 -1,000000 -101,000000 0,000000 0,000000
284 1631381813 2,800000 -1,000000 -101,000000 0,000000 0,000000
284 1631381814 2,800000 -1,000000 -101,000000 0,000000 0,000000
284 1631381815 2,800000 -1,000000 -101,000000 0,000000 0,000000
284 1631381816 2,800000 -1,000000 -101,000000 0,000000 0,000000
284 1631381817 2,800000 -1,000000 -101,000000 0,000000 0,000000
284 1631381818 1,400000 -1,000000 -101,000000 0,000000 0,000000
284 1631381819 1,400000 -1,000000 -101,000000 0,000000 0,000000
284 1631381820 1,400000 -1,000000 -101,000000 0,000000 0,000000
284 1631381821 1,400000 -1,000000 -101,000000 0,000000 0,000000
284 1631381822 1,400000 -1,000000 -101,000000 0,000000 0,000000
284 1631381823 2,000000 -1,000000 -101,000000 0,000000 0,000000
284 1631381824 2,000000 -1,000000 -101,000000 0,000000 0,000000
284 1631381825 2,000000 -1,000000 -101,000000 0,000000 0,000000
284 1631381826 2,000000 -1,000000 -101,000000 0,000000 0,000000
284 1631381827 2,000000 -1,000000 -101,000000 0,000000 0,000000
284 1631381828 0,200000 -1,000000 -101,000000 0,000000 0,000000
284 1631381829 0,200000 -1,000000 -101,000000 0,000000 0,000000
284 1631381830 0,200000 -1,000000 -101,000000 0,000000 0,000000
284 1631381831 0,200000 -1,000000 -101,000000 0,000000 0,000000
284 1631381832 0,200000 -1,000000 -101,000000 0,000000 0,000000
284 1631381833 4,000000 -1,000000 -101,000000 0,000000 0,000000
284 1631381834 4,000000 -1,000000 -101,000000 0,000000 0,000000
284 1631381835 4,000000 -1,000000 -101,000000 0,000000 0,000000
284 1631381836 4,000000 -1,000000 -101,000000 0,000000 0,000000
284 1631381837 4,000000 -1,000000 -101,000000 0,000000 0,000000
284 1631381838 2,200000 -1,000000 -101,000000 0,000000 0,000000
284 1631381839 2,200000 -1,000000 -101,000000 0,000000 0,000000
284 1631381840 2,200000 -1,000000 -101,000000 0,000000 0,000000
284 1631381841 2,200000 -1,000000 -101,000000 0,000000 0,000000
284 1631381842 2,200000 -1,000000 -101,000000 0,000000 0,000000
284 1631381843 4,000000 -1,000000 -101,000000 0,000000 0,000000
284 1631381844 4,000000 -1,000000 -101,000000 0,000000 0,000000
284 1631381845 4,000000 -1,000000 -101,000000 0,000000 0,000000
284 1631381846 4,000000 -1,000000 -101,000000 0,000000 0,000000
284 1631381847 4,000000 -1,000000 -101,000000 0,000000 0,000000
284 1631381848 10,200000 -1,000000 -101,000000 0,000000 0,000000
284 1631381849 10,200000 -1,000000 -101,000000 0,000000 0,000000
284 1631381850 10,200000 -1,000000 -101,000000 0,000000 0,000000
284 1631381851 10,200000 -1,000000 -101,000000 0,000000 0,000000
284 1631381852 10,200000 -1,000000 -101,000000 0,000000 0,000000
284 1631381853 5,200000 -1,000000 -101,000000 0,000000 0,000000
284 1631381854 5,200000 -1,000000 -101,000000 0,000000 0,000000
284 1631381855 5,200000 -1,000000 -101,000000 0,000000 0,000000
284 1631381856 5,200000 -1,000000 -101,000000 0,000000 0,000000
284 1631381857 5,200000 -1,000000 -101,000000 0,000000 0,000000
284 1631381858 2,200000 -1,000000 -101,000000 0,000000 0,000000
284 1631381859 2,200000 -1,000000 -101,000000 0,000000 0,000000
284 1631381860 2,200000 -1,000000 -101,000000 0,000000 0,000000
284 1631381861 2,200000 -1,000000 -101,000000 0,000000 0,000000
284 1631381862 2,200000 -1,000000 -101,000000 0,000000 0,000000
284 1631381863 1,400000 -1,000000 -101,000000 0,000000 0,000000
284 1631381864 1,400000 -1,000000 -101,000000 0,000000 0,000000
284 1631381865 1,400000 -1,000000 -101,000000 0,000000 0,000000
284 1631381866 1,400000 -1,000000 -101,000000 0,000000 0,000000
284 1631381867 1,400000 -1,000000 -101,000000 0,000000 0,000000
284 1631381868 1,400000 -1,000000 -101,000000 0,000000 0,000000
284 1631381869 1,400000 -1,000000 -101,000000 0,000000 0,000000
284 1631381870 1,400000 -1,000000 -101,000000 0,000000 0,000000
284 1631381871 1,400000 -1,000000 -101,000000 0,000000 0,000000
284 1631381872 1,400000 -1,000000 -101,000000 0,000000 0,000000
284 1631381873 1,400000 -1,000000 -101,000000 0,000000 0,000000
284 1631381874 1,400000 -1,000000 -101,000000 0,000000 0,000000
284 1631381875 1,400000 -1,000000 -101,000000 0,000000 0,000000
284 1631381876 1,400000 -1,000000 -101,000000 0,000000 0,000000
284 1631381877 1,400000 -1,000000 -101,000000 0,000000 0,000000
284 1631381878 0,600000 -1,000000 -101,000000 0,000000 0,000000
284 1631381879 0,600000 -1,000000 -101,000000 0,000000 0,000000
284 1631381880 0,600000 -1,000000 -101,000000 0,000000 0,000000
284 1631381881 0,600000 -1,000000 -101,000000 0,000000 0,000000
284 1631381882 0,600000 -1,000000 -101,000000 0,000000 0,000000
284 1631381883 2,200000 -1,000000 -101,000000 0,000000 0,000000
284 1631381884 2,200000 -1,000000 -101,000000 0,000000 0,000000
284 1631381885 2,200000 -1,000000 -101,000000 0,000000 0,000000
284 1631381886 2,200000 -1,000000 -101,000000 0,000000 0,000000
284 1631381887 2,200000 -1,000000 -101,000000 0,000000 0,000000
284 1631381888 3,600000 -1,000000 -101,000000 0,000000 0,000000
284 1631381889 3,600000 -1,000000 -101,000000 0,000000 0,000000
284 1631381890 3,600000 -1,000000 -101,000000 0,000000 0,000000
284 1631381891 3,600000 -1,000000 -101,000000 0,000000 0,000000
284 1631381892 3,600000 -1,000000 -101,000000 0,000000 0,000000
284 1631381893 2,000000 -1,000000 -101,000000 0,000000 0,000000
284 1631381894 2,000000 -1,000000 -101,000000 0,000000 0,000000
284 1631381895 2,000000 -1,000000 -101,000000 0,000000 0,000000
284 1631381896 2,000000 -1,000000 -101,000000 0,000000 0,000000
284 1631381897 2,000000 -1,000000 -101,000000 0,000000 0,000000
284 1631381903 0,600000 -1,000000 -101,000000 0,000000 0,000000
284 1631381904 0,600000 -1,000000 -101,000000 0,000000 0,000000
284 1631381905 0,600000 -1,000000 -101,000000 0,000000 0,000000
284 1631381906 0,600000 -1,000000 -101,000000 0,000000 0,000000
284 1631381907 0,600000 -1,000000 -101,000000 0,000000 0,000000
284 1631381908 3,600000 -1,000000 -101,000000 0,000000 0,000000
284 1631381909 3,600000 -1,000000 -101,000000 0,000000 0,000000
284 1631381910 3,600000 -1,000000 -101,000000 0,000000 0,000000
284 1631381911 3,600000 -1,000000 -101,000000 0,000000 0,000000
284 1631381912 3,600000 -1,000000 -101,000000 0,000000 0,000000
284 1631381913 3,000000 -1,000000 -101,000000 0,000000 0,000000
284 1631381914 3,000000 -1,000000 -101,000000 0,000000 0,000000
284 1631381915 3,000000 -1,000000 -101,000000 0,000000 0,000000
284 1631381916 3,000000 -1,000000 -101,000000 0,000000 0,000000
284 1631381917 3,000000 -1,000000 -101,000000 0,000000 0,000000
284 1631381918 3,200000 -1,000000 -101,000000 0,000000 0,000000
284 1631381919 3,200000 -1,000000 -101,000000 0,000000 0,000000
284 1631381920 3,200000 -1,000000 -101,000000 0,000000 0,000000
284 1631381921 3,200000 -1,000000 -101,000000 0,000000 0,000000
284 1631381922 3,200000 -1,000000 -101,000000 0,000000 0,000000
284 1631381923 10,200000 -1,000000 -101,000000 0,000000 0,000000
284 1631381924 10,200000 -1,000000 -101,000000 0,000000 0,000000
284 1631381925 10,200000 -1,000000 -101,000000 0,000000 0,000000
284 1631381926 10,200000 -1,000000 -101,000000 0,000000 0,000000
284 1631381927 10,200000 -1,000000 -101,000000 0,000000 0,000000
284 1631381928 7,400000 -1,000000 -101,000000 0,000000 0,000000
284 1631381929 7,400000 -1,000000 -101,000000 0,000000 0,000000
284 1631381930 7,400000 -1,000000 -101,000000 0,000000 0,000000
284 1631381931 7,400000 -1,000000 -101,000000 0,000000 0,000000
284 1631381932 7,400000 -1,000000 -101,000000 0,000000 0,000000
284 1631381933 4,200000 -1,000000 -101,000000 0,000000 0,000000
284 1631381934 4,200000 -1,000000 -101,000000 0,000000 0,000000
284 1631381935 4,200000 -1,000000 -101,000000 0,000000 0,000000
284 1631381936 4,200000 -1,000000 -101,000000 0,000000 0,000000
284 1631381937 4,200000 -1,000000 -101,000000 0,000000 0,000000
284 1631381938 0,800000 -1,000000 -101,000000 0,000000 0,000000
284 1631381939 0,800000 -1,000000 -101,000000 0,000000 0,000000
284 1631381940 0,800000 -1,000000 -101,000000 0,000000 0,000000
284 1631381941 0,800000 -1,000000 -101,000000 0,000000 0,000000
284 1631381942 0,800000 -1,000000 -101,000000 0,000000 0,000000
284 1631381943 3,200000 -1,000000 -101,000000 0,000000 0,000000
284 1631381944 3,200000 -1,000000 -101,000000 0,000000 0,000000
284 1631381945 3,200000 -1,000000 -101,000000 0,000000 0,000000
284 1631381946 3,200000 -1,000000 -101,000000 0,000000 0,000000
284 1631381947 3,200000 -1,000000 -101,000000 0,000000 0,000000
284 1631381948 1,800000 -1,000000 -101,000000 0,000000 0,000000
284 1631381949 1,800000 -1,000000 -101,000000 0,000000 0,000000
284 1631381950 1,800000 -1,000000 -101,000000 0,000000 0,000000
284 1631381951 1,800000 -1,000000 -101,000000 0,000000 0,000000
284 1631381952 1,800000 -1,000000 -101,000000 0,000000 0,000000
284 1631381953 0,800000 -1,000000 -101,000000 0,000000 0,000000
284 1631381954 0,800000 -1,000000 -101,000000 0,000000 0,000000
284 1631381955 0,800000 -1,000000 -101,000000 0,000000 0,000000
284 1631381956 0,800000 -1,000000 -101,000000 0,000000 0,000000
284 1631381957 0,800000 -1,000000 -101,000000 0,000000 0,000000
284 1631381958 2,600000 -1,000000 -101,000000 0,000000 0,000000
284 1631381959 2,600000 -1,000000 -101,000000 0,000000 0,000000
284 1631381960 2,600000 -1,000000 -101,000000 0,000000 0,000000
284 1631381961 2,600000 -1,000000 -101,000000 0,000000 0,000000
284 1631381962 2,600000 -1,000000 -101,000000 0,000000 0,000000
284 1631381963 3,600000 -1,000000 -101,000000 0,000000 0,000000
284 1631381964 3,600000 -1,000000 -101,000000 0,000000 0,000000
284 1631381965 3,600000 -1,000000 -101,000000 0,000000 0,000000
284 1631381966 3,600000 -1,000000 -101,000000 0,000000 0,000000
284 1631381967 3,600000 -1,000000 -101,000000 0,000000 0,000000
284 1631381968 5,000000 -1,000000 -101,000000 0,000000 0,000000
284 1631381969 5,000000 -1,000000 -101,000000 0,000000 0,000000
284 1631381970 5,000000 -1,000000 -101,000000 0,000000 0,000000
284 1631381971 5,000000 -1,000000 -101,000000 0,000000 0,000000
284 1631381972 5,000000 -1,000000 -101,000000 0,000000 0,000000
284 1631381973 2,600000 -1,000000 -101,000000 0,000000 0,000000
284 1631381974 2,600000 -1,000000 -101,000000 0,000000 0,000000
284 1631381975 2,600000 -1,000000 -101,000000 0,000000 0,000000
284 1631381976 2,600000 -1,000000 -101,000000 0,000000 0,000000
284 1631381977 2,600000 -1,000000 -101,000000 0,000000 0,000000
284 1631381983 4,200000 -1,000000 -101,000000 0,000000 0,000000
284 1631381984 4,200000 -1,000000 -101,000000 0,000000 0,000000
284 1631381985 4,200000 -1,000000 -101,000000 0,000000 0,000000
284 1631381986 4,200000 -1,000000 -101,000000 0,000000 0,000000
284 1631381987 4,200000 -1,000000 -101,000000 0,000000 0,000000
284 1631381988 2,200000 -1,000000 -101,000000 0,000000 0,000000
284 1631381989 2,200000 -1,000000 -101,000000 0,000000 0,000000
284 1631381990 2,200000 -1,000000 -101,000000 0,000000 0,000000
284 1631381991 2,200000 -1,000000 -101,000000 0,000000 0,000000
284 1631381992 2,200000 -1,000000 -101,000000 0,000000 0,000000
284 1631381993 1,800000 -1,000000 -101,000000 0,000000 0,000000
284 1631381994 1,800000 -1,000000 -101,000000 0,000000 0,000000
284 1631381995 1,800000 -1,000000 -101,000000 0,000000 0,000000
284 1631381996 1,800000 -1,000000 -101,000000 0,000000 0,000000
284 1631381997 1,800000 -1,000000 -101,000000 0,000000 0,000000
284 1631381998 6,600000 -1,000000 -101,000000 0,000000 0,000000
284 1631381999 6,600000 -1,000000 -101,000000 0,000000 0,000000
284 1631382000 6,600000 -1,000000 -101,000000 0,000000 0,000000
284 1631382001 6,600000 -1,000000 -101,000000 0,000000 0,000000
284 1631382002 6,600000 -1,000000 -101,000000 0,000000 0,000000
284 1631382003 5,400000 -1,000000 -101,000000 0,000000 0,000000
284 1631382004 5,400000 -1,000000 -101,000000 0,000000 0,000000
284 1631382005 5,400000 -1,000000 -101,000000 0,000000 0,000000
284 1631382006 5,400000 -1,000000 -101,000000 0,000000 0,000000
284 1631382007 5,400000 -1,000000 -101,000000 0,000000 0,000000
284 1631382008 6,600000 -1,000000 -101,000000 0,000000 0,000000
284 1631382009 6,600000 -1,000000 -101,000000 0,000000 0,000000
284 1631382010 6,600000 -1,000000 -101,000000 0,000000 0,000000
284 1631382011 6,600000 -1,000000 -101,000000 0,000000 0,000000
284 1631382012 6,600000 -1,000000 -101,000000 0,000000 0,000000
284 1631382013 3,400000 -1,000000 -101,000000 0,000000 0,000000
284 1631382014 3,400000 -1,000000 -101,000000 0,000000 0,000000
284 1631382015 3,400000 -1,000000 -101,000000 0,000000 0,000000
284 1631382016 3,400000 -1,000000 -101,000000 0,000000 0,000000
284 1631382017 3,400000 -1,000000 -101,000000 0,000000 0,000000
284 1631382018 1,400000 -1,000000 -101,000000 0,000000 0,000000
284 1631382019 1,400000 -1,000000 -101,000000 0,000000 0,000000
284 1631382020 1,400000 -1,000000 -101,000000 0,000000 0,000000
284 1631382021 1,400000 -1,000000 -101,000000 0,000000 0,000000
284 1631382022 1,400000 -1,000000 -101,000000 0,000000 0,000000
284 1631382023 1,200000 -1,000000 -101,000000 0,000000 0,000000
284 1631382024 1,200000 -1,000000 -101,000000 0,000000 0,000000
284 1631382025 1,200000 -1,000000 -101,000000 0,000000 0,000000
284 1631382026 1,200000 -1,000000 -101,000000 0,000000 0,000000
284 1631382027 1,200000 -1,000000 -101,000000 0,000000 0,000000
284 1631382043 2,200000 -1,000000 -101,000000 0,000000 0,000000
284 1631382044 2,200000 -1,000000 -101,000000 0,000000 0,000000
284 1631382045 2,200000 -1,000000 -101,000000 0,000000 0,000000
284 1631382046 2,200000 -1,000000 -101,000000 0,000000 0,000000
284 1631382047 2,200000 -1,000000 -101,000000 0,000000 0,000000
284 1631382048 3,600000 -1,000000 -101,000000 0,000000 0,000000
284 1631382049 3,600000 -1,000000 -101,000000 0,000000 0,000000
284 1631382050 3,600000 -1,000000 -101,000000 0,000000 0,000000
284 1631382051 3,600000 -1,000000 -101,000000 0,000000 0,000000
284 1631382052 3,600000 -1,000000 -101,000000 0,000000 0,000000
284 1631382053 2,800000 -1,000000 -101,000000 0,000000 0,000000
284 1631382054 2,800000 -1,000000 -101,000000 0,000000 0,000000
284 1631382055 2,800000 -1,000000 -101,000000 0,000000 0,000000
284 1631382056 2,800000 -1,000000 -101,000000 0,000000 0,000000
284 1631382057 2,800000 -1,000000 -101,000000 0,000000 0,000000
284 1631382058 5,000000 -1,000000 -101,000000 0,000000 0,000000
284 1631382059 5,000000 -1,000000 -101,000000 0,000000 0,000000
284 1631382060 5,000000 -1,000000 -101,000000 0,000000 0,000000
284 1631382061 5,000000 -1,000000 -101,000000 0,000000 0,000000
284 1631382062 5,000000 -1,000000 -101,000000 0,000000 0,000000
284 1631382063 4,200000 -1,000000 -101,000000 0,000000 0,000000
284 1631382064 4,200000 -1,000000 -101,000000 0,000000 0,000000
284 1631382065 4,200000 -1,000000 -101,000000 0,000000 0,000000
284 1631382066 4,200000 -1,000000 -101,000000 0,000000 0,000000
284 1631382067 4,200000 -1,000000 -101,000000 0,000000 0,000000
284 1631382068 2,000000 -1,000000 -101,000000 0,000000 0,000000
284 1631382069 2,000000 -1,000000 -101,000000 0,000000 0,000000
284 1631382070 2,000000 -1,000000 -101,000000 0,000000 0,000000
284 1631382071 2,000000 -1,000000 -101,000000 0,000000 0,000000
284 1631382072 2,000000 -1,000000 -101,000000 0,000000 0,000000
284 1631382073 7,000000 -1,000000 -101,000000 0,000000 0,000000
284 1631382074 7,000000 -1,000000 -101,000000 0,000000 0,000000
284 1631382075 7,000000 -1,000000 -101,000000 0,000000 0,000000
284 1631382076 7,000000 -1,000000 -101,000000 0,000000 0,000000
284 1631382077 7,000000 -1,000000 -101,000000 0,000000 0,000000
284 1631382078 3,200000 -1,000000 -101,000000 0,000000 0,000000
284 1631382079 3,200000 -1,000000 -101,000000 0,000000 0,000000
284 1631382080 3,200000 -1,000000 -101,000000 0,000000 0,000000
284 1631382081 3,200000 -1,000000 -101,000000 0,000000 0,000000
284 1631382082 3,200000 -1,000000 -101,000000 0,000000 0,000000
284 1631382083 4,400000 -1,000000 -101,000000 0,000000 0,000000
284 1631382084 4,400000 -1,000000 -101,000000 0,000000 0,000000
284 1631382085 4,400000 -1,000000 -101,000000 0,000000 0,000000
284 1631382086 4,400000 -1,000000 -101,000000 0,000000 0,000000
284 1631382087 4,400000 -1,000000 -101,000000 0,000000 0,000000
284 1631382088 3,600000 -1,000000 -101,000000 0,000000 0,000000
284 1631382089 3,600000 -1,000000 -101,000000 0,000000 0,000000
284 1631382090 3,600000 -1,000000 -101,000000 0,000000 0,000000
284 1631382091 3,600000 -1,000000 -101,000000 0,000000 0,000000
284 1631382092 3,600000 -1,000000 -101,000000 0,000000 0,000000
284 1631382093 2,000000 -1,000000 -101,000000 0,000000 0,000000
284 1631382094 2,000000 -1,000000 -101,000000 0,000000 0,000000
284 1631382095 2,000000 -1,000000 -101,000000 0,000000 0,000000
284 1631382096 2,000000 -1,000000 -101,000000 0,000000 0,000000
284 1631382097 2,000000 -1,000000 -101,000000 0,000000 0,000000
284 1631382103 1,400000 -1,000000 -101,000000 0,000000 0,000000
284 1631382104 1,400000 -1,000000 -101,000000 0,000000 0,000000
284 1631382105 1,400000 -1,000000 -101,000000 0,000000 0,000000
284 1631382106 1,400000 -1,000000 -101,000000 0,000000 0,000000
284 1631382107 1,400000 -1,000000 -101,000000 0,000000 0,000000
284 1631382108 1,400000 -1,000000 -101,000000 0,000000 0,000000
284 1631382109 1,400000 -1,000000 -101,000000 0,000000 0,000000
284 1631382110 1,400000 -1,000000 -101,000000 0,000000 0,000000
284 1631382111 1,400000 -1,000000 -101,000000 0,000000 0,000000
284 1631382112 1,400000 -1,000000 -101,000000 0,000000 0,000000
284 1631382113 1,400000 -1,000000 -101,000000 0,000000 0,000000
284 1631382114 1,400000 -1,000000 -101,000000 0,000000 0,000000
284 1631382115 1,400000 -1,000000 -101,000000 0,000000 0,000000
284 1631382116 1,400000 -1,000000 -101,000000 0,000000 0,000000
284 1631382117 1,400000 -1,000000 -101,000000 0,000000 0,000000
284 1631382118 1,400000 -1,000000 -101,000000 0,000000 0,000000
284 1631382119 1,400000 -1,000000 -101,000000 0,000000 0,000000
284 1631382120 1,400000 -1,000000 -101,000000 0,000000 0,000000
284 1631382121 1,400000 -1,000000 -101,000000 0,000000 0,000000
284 1631382122 1,400000 -1,000000 -101,000000 0,000000 0,000000
284 1631382123 4,800000 -1,000000 -101,000000 0,000000 0,000000
284 1631382124 4,800000 -1,000000 -101,000000 0,000000 0,000000
284 1631382125 4,800000 -1,000000 -101,000000 0,000000 0,000000
284 1631382126 4,800000 -1,000000 -101,000000 0,000000 0,000000
284 1631382127 4,800000 -1,000000 -101,000000 0,000000 0,000000
284 1631382128 5,400000 -1,000000 -101,000000 0,000000 0,000000
284 1631382129 5,400000 -1,000000 -101,000000 0,000000 0,000000
284 1631382130 5,400000 -1,000000 -101,000000 0,000000 0,000000
284 1631382131 5,400000 -1,000000 -101,000000 0,000000 0,000000
284 1631382132 5,400000 -1,000000 -101,000000 0,000000 0,000000
284 1631382133 6,400000 -1,000000 -101,000000 0,000000 0,000000
284 1631382134 6,400000 -1,000000 -101,000000 0,000000 0,000000
284 1631382135 6,400000 -1,000000 -101,000000 0,000000 0,000000
284 1631382136 6,400000 -1,000000 -101,000000 0,000000 0,000000
284 1631382137 6,400000 -1,000000 -101,000000 0,000000 0,000000
284 1631382138 4,000000 -1,000000 -101,000000 0,000000 0,000000
284 1631382139 4,000000 -1,000000 -101,000000 0,000000 0,000000
284 1631382140 4,000000 -1,000000 -101,000000 0,000000 0,000000
284 1631382141 4,000000 -1,000000 -101,000000 0,000000 0,000000
284 1631382142 4,000000 -1,000000 -101,000000 0,000000 0,000000
284 1631382143 2,400000 -1,000000 -101,000000 0,000000 0,000000
284 1631382144 2,400000 -1,000000 -101,000000 0,000000 0,000000
284 1631382145 2,400000 -1,000000 -101,000000 0,000000 0,000000
284 1631382146 2,400000 -1,000000 -101,000000 0,000000 0,000000
284 1631382147 2,400000 -1,000000 -101,000000 0,000000 0,000000
284 1631382148 6,600000 -1,000000 -101,000000 0,000000 0,000000
284 1631382149 6,600000 -1,000000 -101,000000 0,000000 0,000000
284 1631382150 6,600000 -1,000000 -101,000000 0,000000 0,000000
284 1631382151 6,600000 -1,000000 -101,000000 0,000000 0,000000
284 1631382152 6,600000 -1,000000 -101,000000 0,000000 0,000000
284 1631382153 4,000000 -1,000000 -101,000000 0,000000 0,000000
284 1631382154 4,000000 -1,000000 -101,000000 0,000000 0,000000
284 1631382155 4,000000 -1,000000 -101,000000 0,000000 0,000000
284 1631382156 4,000000 -1,000000 -101,000000 0,000000 0,000000
284 1631382157 4,000000 -1,000000 -101,000000 0,000000 0,000000
284 1631382158 3,600000 -1,000000 -101,000000 0,000000 0,000000
284 1631382159 3,600000 -1,000000 -101,000000 0,000000 0,000000
284 1631382160 3,600000 -1,000000 -101,000000 0,000000 0,000000
284 1631382161 3,600000 -1,000000 -101,000000 0,000000 0,000000
284 1631382162 3,600000 -1,000000 -101,000000 0,000000 0,000000
284 1631382163 3,600000 -1,000000 -101,000000 0,000000 0,000000
284 1631382164 3,600000 -1,000000 -101,000000 0,000000 0,000000
284 1631382165 3,600000 -1,000000 -101,000000 0,000000 0,000000
284 1631382166 3,600000 -1,000000 -101,000000 0,000000 0,000000
284 1631382167 3,600000 -1,000000 -101,000000 0,000000 0,000000
284 1631382168 4,200000 -1,000000 -101,000000 0,000000 0,000000
284 1631382169 4,200000 -1,000000 -101,000000 0,000000 0,000000
284 1631382170 4,200000 -1,000000 -101,000000 0,000000 0,000000
284 1631382171 4,200000 -1,000000 -101,000000 0,000000 0,000000
284 1631382172 4,200000 -1,000000 -101,000000 0,000000 0,000000
284 1631382173 2,000000 -1,000000 -101,000000 0,000000 0,000000
284 1631382174 2,000000 -1,000000 -101,000000 0,000000 0,000000
284 1631382175 2,000000 -1,000000 -101,000000 0,000000 0,000000
284 1631382176 2,000000 -1,000000 -101,000000 0,000000 0,000000
284 1631382177 2,000000 -1,000000 -101,000000 0,000000 0,000000
284 1631382183 0,600000 -1,000000 -101,000000 0,000000 0,000000
284 1631382184 0,600000 -1,000000 -101,000000 0,000000 0,000000
284 1631382185 0,600000 -1,000000 -101,000000 0,000000 0,000000
284 1631382186 0,600000 -1,000000 -101,000000 0,000000 0,000000
284 1631382187 0,600000 -1,000000 -101,000000 0,000000 0,000000
284 1631382198 0,800000 -1,000000 -101,000000 0,000000 0,000000
284 1631382199 0,800000 -1,000000 -101,000000 0,000000 0,000000
284 1631382200 0,800000 -1,000000 -101,000000 0,000000 0,000000
284 1631382201 0,800000 -1,000000 -101,000000 0,000000 0,000000
284 1631382202 0,800000 -1,000000 -101,000000 0,000000 0,000000
284 1631382203 3,600000 -1,000000 -101,000000 0,000000 0,000000
284 1631382204 3,600000 -1,000000 -101,000000 0,000000 0,000000
284 1631382205 3,600000 -1,000000 -101,000000 0,000000 0,000000
284 1631382206 3,600000 -1,000000 -101,000000 0,000000 0,000000
284 1631382207 3,600000 -1,000000 -101,000000 0,000000 0,000000
284 1631382208 9,400000 -1,000000 -101,000000 0,000000 0,000000
284 1631382209 9,400000 -1,000000 -101,000000 0,000000 0,000000
284 1631382210 9,400000 -1,000000 -101,000000 0,000000 0,000000
284 1631382211 9,400000 -1,000000 -101,000000 0,000000 0,000000
284 1631382212 9,400000 -1,000000 -101,000000 0,000000 0,000000
284 1631382213 4,800000 -1,000000 -101,000000 0,000000 0,000000
284 1631382214 4,800000 -1,000000 -101,000000 0,000000 0,000000
284 1631382215 4,800000 -1,000000 -101,000000 0,000000 0,000000
284 1631382216 4,800000 -1,000000 -101,000000 0,000000 0,000000
284 1631382217 4,800000 -1,000000 -101,000000 0,000000 0,000000
284 1631382218 3,200000 -1,000000 -101,000000 0,000000 0,000000
284 1631382219 3,200000 -1,000000 -101,000000 0,000000 0,000000
284 1631382220 3,200000 -1,000000 -101,000000 0,000000 0,000000
284 1631382221 3,200000 -1,000000 -101,000000 0,000000 0,000000
284 1631382222 3,200000 -1,000000 -101,000000 0,000000 0,000000
284 1631382223 5,800000 -1,000000 -101,000000 0,000000 0,000000
284 1631382224 5,800000 -1,000000 -101,000000 0,000000 0,000000
284 1631382225 5,800000 -1,000000 -101,000000 0,000000 0,000000
284 1631382226 5,800000 -1,000000 -101,000000 0,000000 0,000000
284 1631382227 5,800000 -1,000000 -101,000000 0,000000 0,000000
284 1631382228 3,800000 -1,000000 -101,000000 0,000000 0,000000
284 1631382229 3,800000 -1,000000 -101,000000 0,000000 0,000000
284 1631382230 3,800000 -1,000000 -101,000000 0,000000 0,000000
284 1631382231 3,800000 -1,000000 -101,000000 0,000000 0,000000
284 1631382232 3,800000 -1,000000 -101,000000 0,000000 0,000000
284 1631382233 0,800000 -1,000000 -101,000000 0,000000 0,000000
284 1631382234 0,800000 -1,000000 -101,000000 0,000000 0,000000
284 1631382235 0,800000 -1,000000 -101,000000 0,000000 0,000000
284 1631382236 0,800000 -1,000000 -101,000000 0,000000 0,000000
284 1631382237 0,800000 -1,000000 -101,000000 0,000000 0,000000
284 1631382243 2,200000 -1,000000 -101,000000 0,000000 0,000000
284 1631382244 2,200000 -1,000000 -101,000000 0,000000 0,000000
284 1631382245 2,200000 -1,000000 -101,000000 0,000000 0,000000
284 1631382246 2,200000 -1,000000 -101,000000 0,000000 0,000000
284 1631382247 2,200000 -1,000000 -101,000000 0,000000 0,000000
284 1631382248 4,400000 -1,000000 -101,000000 0,000000 0,000000
284 1631382249 4,400000 -1,000000 -101,000000 0,000000 0,000000
284 1631382250 4,400000 -1,000000 -101,000000 0,000000 0,000000
284 1631382251 4,400000 -1,000000 -101,000000 0,000000 0,000000
284 1631382252 4,400000 -1,000000 -101,000000 0,000000 0,000000
284 1631382253 3,400000 -1,000000 -101,000000 0,000000 0,000000
284 1631382254 3,400000 -1,000000 -101,000000 0,000000 0,000000
284 1631382255 3,400000 -1,000000 -101,000000 0,000000 0,000000
284 1631382256 3,400000 -1,000000 -101,000000 0,000000 0,000000
284 1631382257 3,400000 -1,000000 -101,000000 0,000000 0,000000
284 1631382258 1,400000 -1,000000 -101,000000 0,000000 0,000000
284 1631382259 1,400000 -1,000000 -101,000000 0,000000 0,000000
284 1631382260 1,400000 -1,000000 -101,000000 0,000000 0,000000
284 1631382261 1,400000 -1,000000 -101,000000 0,000000 0,000000
284 1631382262 1,400000 -1,000000 -101,000000 0,000000 0,000000
284 1631382263 1,200000 -1,000000 -101,000000 0,000000 0,000000
284 1631382264 1,200000 -1,000000 -101,000000 0,000000 0,000000
284 1631382265 1,200000 -1,000000 -101,000000 0,000000 0,000000
284 1631382266 1,200000 -1,000000 -101,000000 0,000000 0,000000
284 1631382267 1,200000 -1,000000 -101,000000 0,000000 0,000000
284 1631382283 6,600000 -1,000000 -101,000000 0,000000 0,000000
284 1631382284 6,600000 -1,000000 -101,000000 0,000000 0,000000
284 1631382285 6,600000 -1,000000 -101,000000 0,000000 0,000000
284 1631382286 6,600000 -1,000000 -101,000000 0,000000 0,000000
284 1631382347 1,400000 -1,000000 1,400000 1,400000 0,000000
284 1631382346 1,400000 -1,000000 1,400000 1,400000 0,000000
284 1631382345 1,400000 -1,000000 1,400000 1,400000 0,000000
284 1631382344 1,400000 -1,000000 1,400000 1,400000 0,000000
284 1631382343 1,400000 -1,000000 1,400000 1,400000 0,000000
284 1631382337 2,000000 -1,000000 2,000000 2,000000 0,000000
284 1631382336 2,000000 -1,000000 2,000000 2,000000 0,000000
284 1631382335 2,000000 -1,000000 2,000000 2,000000 0,000000
284 1631382334 2,000000 -1,000000 2,000000 2,000000 0,000000
284 1631382333 2,000000 -1,000000 2,000000 2,000000 0,000000
284 1631382332 3,600000 -1,000000 3,600000 3,600000 0,000000
284 1631382331 3,600000 -1,000000 3,600000 3,600000 0,000000
284 1631382330 3,600000 -1,000000 3,600000 3,600000 0,000000
284 1631382329 3,600000 -1,000000 3,600000 3,600000 0,000000
284 1631382328 3,600000 -1,000000 3,600000 3,600000 0,000000
284 1631382327 2,200000 -1,000000 2,200000 2,200000 0,000000
284 1631382326 2,200000 -1,000000 2,200000 2,200000 0,000000
284 1631382325 2,200000 -1,000000 2,200000 2,200000 0,000000
284 1631382324 2,200000 -1,000000 2,200000 2,200000 0,000000
284 1631382323 2,200000 -1,000000 2,200000 2,200000 0,000000
284 1631382322 1,800000 -1,000000 1,800000 1,800000 0,000000
284 1631382321 1,800000 -1,000000 1,800000 1,800000 0,000000
284 1631382320 1,800000 -1,000000 1,800000 1,800000 0,000000
284 1631382319 1,800000 -1,000000 1,800000 1,800000 0,000000
284 1631382318 1,800000 -1,000000 1,800000 1,800000 0,000000
284 1631382317 1,400000 -1,000000 1,400000 1,400000 0,000000
284 1631382316 1,400000 -1,000000 1,400000 1,400000 0,000000
284 1631382315 1,400000 -1,000000 1,400000 1,400000 0,000000
284 1631382314 1,400000 -1,000000 1,400000 1,400000 0,000000
284 1631382313 1,400000 -1,000000 1,400000 1,400000 0,000000
284 1631382312 1,800000 -1,000000 1,800000 1,800000 0,000000
284 1631382311 1,800000 -1,000000 1,800000 1,800000 0,000000
284 1631382310 1,800000 -1,000000 1,800000 1,800000 0,000000
284 1631382309 1,800000 -1,000000 1,800000 1,800000 0,000000
284 1631382308 1,800000 -1,000000 1,800000 1,800000 0,000000
284 1631382307 9,200000 -1,000000 9,200000 9,200000 0,000000
284 1631382306 9,200000 -1,000000 9,200000 9,200000 0,000000
284 1631382305 9,200000 -1,000000 9,200000 9,200000 0,000000
284 1631382304 9,200000 -1,000000 9,200000 9,200000 0,000000
284 1631382303 9,200000 -1,000000 9,200000 9,200000 0,000000
284 1631382302 6,600000 -1,000000 6,600000 6,600000 0,000000
284 1631382301 6,600000 -1,000000 6,600000 6,600000 0,000000
284 1631382300 6,600000 -1,000000 6,600000 6,600000 0,000000
284 1631382299 6,600000 -1,000000 6,600000 6,600000 0,000000
284 1631382298 6,600000 -1,000000 6,600000 6,600000 0,000000
284 1631382297 6,800000 -1,000000 6,800000 6,800000 0,000000
284 1631382296 6,800000 -1,000000 6,800000 6,800000 0,000000
284 1631382295 6,800000 -1,000000 6,800000 6,800000 0,000000
284 1631382294 6,800000 -1,000000 6,800000 6,800000 0,000000
284 1631382293 6,800000 -1,000000 6,800000 6,800000 0,000000
284 1631382292 5,800000 -1,000000 5,800000 5,800000 0,000000
284 1631382291 5,800000 -1,000000 5,800000 5,800000 0,000000
284 1631382290 5,800000 -1,000000 5,800000 5,800000 0,000000
284 1631382289 5,800000 -1,000000 5,800000 5,800000 0,000000
284 1631382288 5,800000 -1,000000 5,800000 5,800000 0,000000
284 1631382287 6,600000 -1,000000 6,600000 6,600000 0,000000
284 1631382287 6,600000 -1,000000 -101,000000 0,000000 0,000000
284 1631382288 5,800000 -1,000000 -101,000000 0,000000 0,000000
284 1631382289 5,800000 -1,000000 -101,000000 0,000000 0,000000
284 1631382290 5,800000 -1,000000 -101,000000 0,000000 0,000000
284 1631382291 5,800000 -1,000000 -101,000000 0,000000 0,000000
284 1631382292 5,800000 -1,000000 -101,000000 0,000000 0,000000
284 1631382293 6,800000 -1,000000 -101,000000 0,000000 0,000000
284 1631382294 6,800000 -1,000000 -101,000000 0,000000 0,000000
284 1631382295 6,800000 -1,000000 -101,000000 0,000000 0,000000
284 1631382296 6,800000 -1,000000 -101,000000 0,000000 0,000000
284 1631382297 6,800000 -1,000000 -101,000000 0,000000 0,000000
284 1631382298 6,600000 -1,000000 -101,000000 0,000000 0,000000
284 1631382299 6,600000 -1,000000 -101,000000 0,000000 0,000000
284 1631382300 6,600000 -1,000000 -101,000000 0,000000 0,000000
284 1631382301 6,600000 -1,000000 -101,000000 0,000000 0,000000
284 1631382302 6,600000 -1,000000 -101,000000 0,000000 0,000000
284 1631382303 9,200000 -1,000000 -101,000000 0,000000 0,000000
284 1631382304 9,200000 -1,000000 -101,000000 0,000000 0,000000
284 1631382305 9,200000 -1,000000 -101,000000 0,000000 0,000000
284 1631382306 9,200000 -1,000000 -101,000000 0,000000 0,000000
284 1631382307 9,200000 -1,000000 -101,000000 0,000000 0,000000
284 1631382308 1,800000 -1,000000 -101,000000 0,000000 0,000000
284 1631382309 1,800000 -1,000000 -101,000000 0,000000 0,000000
284 1631382310 1,800000 -1,000000 -101,000000 0,000000 0,000000
284 1631382311 1,800000 -1,000000 -101,000000 0,000000 0,000000
284 1631382312 1,800000 -1,000000 -101,000000 0,000000 0,000000
284 1631382313 1,400000 -1,000000 -101,000000 0,000000 0,000000
284 1631382314 1,400000 -1,000000 -101,000000 0,000000 0,000000
284 1631382315 1,400000 -1,000000 -101,000000 0,000000 0,000000
284 1631382316 1,400000 -1,000000 -101,000000 0,000000 0,000000
284 1631382317 1,400000 -1,000000 -101,000000 0,000000 0,000000
284 1631382318 1,800000 -1,000000 -101,000000 0,000000 0,000000
284 1631382319 1,800000 -1,000000 -101,000000 0,000000 0,000000
284 1631382320 1,800000 -1,000000 -101,000000 0,000000 0,000000
284 1631382321 1,800000 -1,000000 -101,000000 0,000000 0,000000
284 1631382322 1,800000 -1,000000 -101,000000 0,000000 0,000000
284 1631382323 2,200000 -1,000000 -101,000000 0,000000 0,000000
284 1631382324 2,200000 -1,000000 -101,000000 0,000000 0,000000
284 1631382325 2,200000 -1,000000 -101,000000 0,000000 0,000000
284 1631382326 2,200000 -1,000000 -101,000000 0,000000 0,000000
284 1631382327 2,200000 -1,000000 -101,000000 0,000000 0,000000
284 1631382328 3,600000 -1,000000 -101,000000 0,000000 0,000000
284 1631382329 3,600000 -1,000000 -101,000000 0,000000 0,000000
284 1631382330 3,600000 -1,000000 -101,000000 0,000000 0,000000
284 1631382331 3,600000 -1,000000 -101,000000 0,000000 0,000000
284 1631382332 3,600000 -1,000000 -101,000000 0,000000 0,000000
284 1631382333 2,000000 -1,000000 -101,000000 0,000000 0,000000
284 1631382334 2,000000 -1,000000 -101,000000 0,000000 0,000000
284 1631382335 2,000000 -1,000000 -101,000000 0,000000 0,000000
284 1631382336 2,000000 -1,000000 -101,000000 0,000000 0,000000
284 1631382337 2,000000 -1,000000 -101,000000 0,000000 0,000000
284 1631382343 1,400000 -1,000000 -101,000000 0,000000 0,000000
284 1631382344 1,400000 -1,000000 -101,000000 0,000000 0,000000
284 1631382345 1,400000 -1,000000 -101,000000 0,000000 0,000000
284 1631382346 1,400000 -1,000000 -101,000000 0,000000 0,000000
284 1631382347 1,400000 -1,000000 -101,000000 0,000000 0,000000
284 1631382348 1,400000 -1,000000 -101,000000 0,000000 0,000000
284 1631382349 1,400000 -1,000000 -101,000000 0,000000 0,000000
284 1631382350 1,400000 -1,000000 -101,000000 0,000000 0,000000
284 1631382351 1,400000 -1,000000 -101,000000 0,000000 0,000000
284 1631382352 1,400000 -1,000000 -101,000000 0,000000 0,000000
284 1631382353 1,400000 -1,000000 -101,000000 0,000000 0,000000
284 1631382354 1,400000 -1,000000 -101,000000 0,000000 0,000000
284 1631382355 1,400000 -1,000000 -101,000000 0,000000 0,000000
284 1631382356 1,400000 -1,000000 -101,000000 0,000000 0,000000
284 1631382357 1,400000 -1,000000 -101,000000 0,000000 0,000000
284 1631382358 5,000000 -1,000000 -101,000000 0,000000 0,000000
284 1631382359 5,000000 -1,000000 -101,000000 0,000000 0,000000
284 1631382360 5,000000 -1,000000 -101,000000 0,000000 0,000000
284 1631382361 5,000000 -1,000000 -101,000000 0,000000 0,000000
284 1631382362 5,000000 -1,000000 -101,000000 0,000000 0,000000
284 1631382363 4,400000 -1,000000 -101,000000 0,000000 0,000000
284 1631382364 4,400000 -1,000000 -101,000000 0,000000 0,000000
284 1631382365 4,400000 -1,000000 -101,000000 0,000000 0,000000
284 1631382366 4,400000 -1,000000 -101,000000 0,000000 0,000000
284 1631382367 4,400000 -1,000000 -101,000000 0,000000 0,000000
284 1631382368 7,600000 -1,000000 -101,000000 0,000000 0,000000
284 1631382369 7,600000 -1,000000 -101,000000 0,000000 0,000000
284 1631382370 7,600000 -1,000000 -101,000000 0,000000 0,000000
284 1631382371 7,600000 -1,000000 -101,000000 0,000000 0,000000
284 1631382372 7,600000 -1,000000 -101,000000 0,000000 0,000000
284 1631382373 6,400000 -1,000000 -101,000000 0,000000 0,000000
284 1631382374 6,400000 -1,000000 -101,000000 0,000000 0,000000
284 1631382375 6,400000 -1,000000 -101,000000 0,000000 0,000000
284 1631382376 6,400000 -1,000000 -101,000000 0,000000 0,000000
284 1631382377 6,400000 -1,000000 -101,000000 0,000000 0,000000
284 1631382378 4,600000 -1,000000 -101,000000 0,000000 0,000000
284 1631382379 4,600000 -1,000000 -101,000000 0,000000 0,000000
284 1631382380 4,600000 -1,000000 -101,000000 0,000000 0,000000
284 1631382381 4,600000 -1,000000 -101,000000 0,000000 0,000000
284 1631382382 4,600000 -1,000000 -101,000000 0,000000 0,000000
284 1631382383 0,600000 -1,000000 -101,000000 0,000000 0,000000
284 1631382384 0,600000 -1,000000 -101,000000 0,000000 0,000000
284 1631382385 0,600000 -1,000000 -101,000000 0,000000 0,000000
284 1631382386 0,600000 -1,000000 -101,000000 0,000000 0,000000
284 1631382387 0,600000 -1,000000 -101,000000 0,000000 0,000000
284 1631382393 0,800000 -1,000000 -101,000000 0,000000 0,000000
284 1631382394 0,800000 -1,000000 -101,000000 0,000000 0,000000
284 1631382395 0,800000 -1,000000 -101,000000 0,000000 0,000000
284 1631382396 0,800000 -1,000000 -101,000000 0,000000 0,000000
284 1631382397 0,800000 -1,000000 -101,000000 0,000000 0,000000
284 1631382398 1,400000 -1,000000 -101,000000 0,000000 0,000000
284 1631382399 1,400000 -1,000000 -101,000000 0,000000 0,000000
284 1631382400 1,400000 -1,000000 -101,000000 0,000000 0,000000
284 1631382401 1,400000 -1,000000 -101,000000 0,000000 0,000000
284 1631382402 1,400000 -1,000000 -101,000000 0,000000 0,000000
284 1631382403 3,600000 -1,000000 -101,000000 0,000000 0,000000
284 1631382404 3,600000 -1,000000 -101,000000 0,000000 0,000000
284 1631382405 3,600000 -1,000000 -101,000000 0,000000 0,000000
284 1631382406 3,600000 -1,000000 -101,000000 0,000000 0,000000
284 1631382407 3,600000 -1,000000 -101,000000 0,000000 0,000000
284 1631382408 4,200000 -1,000000 -101,000000 0,000000 0,000000
284 1631382409 4,200000 -1,000000 -101,000000 0,000000 0,000000
284 1631382410 4,200000 -1,000000 -101,000000 0,000000 0,000000
284 1631382411 4,200000 -1,000000 -101,000000 0,000000 0,000000
284 1631382412 4,200000 -1,000000 -101,000000 0,000000 0,000000
284 1631382413 2,000000 -1,000000 -101,000000 0,000000 0,000000
284 1631382414 2,000000 -1,000000 -101,000000 0,000000 0,000000
284 1631382415 2,000000 -1,000000 -101,000000 0,000000 0,000000
284 1631382416 2,000000 -1,000000 -101,000000 0,000000 0,000000
284 1631382417 2,000000 -1,000000 -101,000000 0,000000 0,000000
284 1631382423 0,600000 -1,000000 -101,000000 0,000000 0,000000
284 1631382424 0,600000 -1,000000 -101,000000 0,000000 0,000000
284 1631382425 0,600000 -1,000000 -101,000000 0,000000 0,000000
284 1631382426 0,600000 -1,000000 -101,000000 0,000000 0,000000
284 1631382427 0,600000 -1,000000 -101,000000 0,000000 0,000000
284 1631382433 4,400000 -1,000000 -101,000000 0,000000 0,000000
284 1631382434 4,400000 -1,000000 -101,000000 0,000000 0,000000
284 1631382435 4,400000 -1,000000 -101,000000 0,000000 0,000000
284 1631382436 4,400000 -1,000000 -101,000000 0,000000 0,000000
284 1631382437 4,400000 -1,000000 -101,000000 0,000000 0,000000
284 1631382438 3,000000 -1,000000 -101,000000 0,000000 0,000000
284 1631382439 3,000000 -1,000000 -101,000000 0,000000 0,000000
284 1631382440 3,000000 -1,000000 -101,000000 0,000000 0,000000
284 1631382441 3,000000 -1,000000 -101,000000 0,000000 0,000000
284 1631382442 3,000000 -1,000000 -101,000000 0,000000 0,000000
284 1631382443 7,600000 -1,000000 -101,000000 0,000000 0,000000
284 1631382444 7,600000 -1,000000 -101,000000 0,000000 0,000000
284 1631382445 7,600000 -1,000000 -101,000000 0,000000 0,000000
284 1631382446 7,600000 -1,000000 -101,000000 0,000000 0,000000
284 1631382447 7,600000 -1,000000 -101,000000 0,000000 0,000000
284 1631382448 9,400000 -1,000000 -101,000000 0,000000 0,000000
284 1631382449 9,400000 -1,000000 -101,000000 0,000000 0,000000
284 1631382450 9,400000 -1,000000 -101,000000 0,000000 0,000000
284 1631382451 9,400000 -1,000000 -101,000000 0,000000 0,000000
284 1631382452 9,400000 -1,000000 -101,000000 0,000000 0,000000
284 1631382453 7,200000 -1,000000 -101,000000 0,000000 0,000000
284 1631382454 7,200000 -1,000000 -101,000000 0,000000 0,000000
284 1631382455 7,200000 -1,000000 -101,000000 0,000000 0,000000
284 1631382456 7,200000 -1,000000 -101,000000 0,000000 0,000000
284 1631382457 7,200000 -1,000000 -101,000000 0,000000 0,000000
284 1631382463 0,600000 -1,000000 -101,000000 0,000000 0,000000
284 1631382464 0,600000 -1,000000 -101,000000 0,000000 0,000000
284 1631382465 0,600000 -1,000000 -101,000000 0,000000 0,000000
284 1631382466 0,600000 -1,000000 -101,000000 0,000000 0,000000
284 1631382467 0,600000 -1,000000 -101,000000 0,000000 0,000000
284 1631382478 0,800000 -1,000000 -101,000000 0,000000 0,000000
284 1631382479 0,800000 -1,000000 -101,000000 0,000000 0,000000
284 1631382480 0,800000 -1,000000 -101,000000 0,000000 0,000000
284 1631382481 0,800000 -1,000000 -101,000000 0,000000 0,000000
284 1631382482 0,800000 -1,000000 -101,000000 0,000000 0,000000
284 1631382483 4,800000 -1,000000 -101,000000 0,000000 0,000000
284 1631382484 4,800000 -1,000000 -101,000000 0,000000 0,000000
284 1631382485 4,800000 -1,000000 -101,000000 0,000000 0,000000
284 1631382486 4,800000 -1,000000 -101,000000 0,000000 0,000000
284 1631382487 4,800000 -1,000000 -101,000000 0,000000 0,000000
284 1631382488 6,200000 -1,000000 -101,000000 0,000000 0,000000
284 1631382489 6,200000 -1,000000 -101,000000 0,000000 0,000000
284 1631382490 6,200000 -1,000000 -101,000000 0,000000 0,000000
284 1631382491 6,200000 -1,000000 -101,000000 0,000000 0,000000
284 1631382492 6,200000 -1,000000 -101,000000 0,000000 0,000000
284 1631382493 4,200000 -1,000000 -101,000000 0,000000 0,000000
284 1631382494 4,200000 -1,000000 -101,000000 0,000000 0,000000
284 1631382495 4,200000 -1,000000 -101,000000 0,000000 0,000000
284 1631382496 4,200000 -1,000000 -101,000000 0,000000 0,000000
284 1631382497 4,200000 -1,000000 -101,000000 0,000000 0,000000
284 1631382498 3,200000 -1,000000 -101,000000 0,000000 0,000000
284 1631382499 3,200000 -1,000000 -101,000000 0,000000 0,000000
284 1631382500 3,200000 -1,000000 -101,000000 0,000000 0,000000
284 1631382501 3,200000 -1,000000 -101,000000 0,000000 0,000000
284 1631382502 3,200000 -1,000000 -101,000000 0,000000 0,000000
284 1631382503 1,200000 -1,000000 -101,000000 0,000000 0,000000
284 1631382504 1,200000 -1,000000 -101,000000 0,000000 0,000000
284 1631382505 1,200000 -1,000000 -101,000000 0,000000 0,000000
284 1631382506 1,200000 -1,000000 -101,000000 0,000000 0,000000
284 1631382507 1,200000 -1,000000 -101,000000 0,000000 0,000000
284 1631382508 4,400000 -1,000000 -101,000000 0,000000 0,000000
284 1631382509 4,400000 -1,000000 -101,000000 0,000000 0,000000
284 1631382510 4,400000 -1,000000 -101,000000 0,000000 0,000000
284 1631382511 4,400000 -1,000000 -101,000000 0,000000 0,000000
284 1631382512 4,400000 -1,000000 -101,000000 0,000000 0,000000
284 1631382513 2,200000 -1,000000 -101,000000 0,000000 0,000000
284 1631382514 2,200000 -1,000000 -101,000000 0,000000 0,000000
284 1631382515 2,200000 -1,000000 -101,000000 0,000000 0,000000
284 1631382516 2,200000 -1,000000 -101,000000 0,000000 0,000000
284 1631382517 2,200000 -1,000000 -101,000000 0,000000 0,000000
284 1631382518 4,000000 -1,000000 -101,000000 0,000000 0,000000
284 1631382519 4,000000 -1,000000 -101,000000 0,000000 0,000000
284 1631382520 4,000000 -1,000000 -101,000000 0,000000 0,000000
284 1631382521 4,000000 -1,000000 -101,000000 0,000000 0,000000
284 1631382522 4,000000 -1,000000 -101,000000 0,000000 0,000000
284 1631382523 6,600000 -1,000000 -101,000000 0,000000 0,000000
284 1631382524 6,600000 -1,000000 -101,000000 0,000000 0,000000
284 1631382525 6,600000 -1,000000 -101,000000 0,000000 0,000000
284 1631382526 6,600000 -1,000000 -101,000000 0,000000 0,000000
284 1631382527 6,600000 -1,000000 -101,000000 0,000000 0,000000
284 1631382528 8,200000 -1,000000 -101,000000 0,000000 0,000000
284 1631382529 8,200000 -1,000000 -101,000000 0,000000 0,000000
284 1631382530 8,200000 -1,000000 -101,000000 0,000000 0,000000
284 1631382531 8,200000 -1,000000 -101,000000 0,000000 0,000000
284 1631382532 8,200000 -1,000000 -101,000000 0,000000 0,000000
284 1631382533 2,800000 -1,000000 -101,000000 0,000000 0,000000
284 1631382534 2,800000 -1,000000 -101,000000 0,000000 0,000000
284 1631382535 2,800000 -1,000000 -101,000000 0,000000 0,000000
284 1631382536 2,800000 -1,000000 -101,000000 0,000000 0,000000
284 1631382537 2,800000 -1,000000 -101,000000 0,000000 0,000000
284 1631382538 1,400000 -1,000000 -101,000000 0,000000 0,000000
284 1631382539 1,400000 -1,000000 -101,000000 0,000000 0,000000
284 1631382540 1,400000 -1,000000 -101,000000 0,000000 0,000000
284 1631382541 1,400000 -1,000000 -101,000000 0,000000 0,000000
284 1631382542 1,400000 -1,000000 -101,000000 0,000000 0,000000
284 1631382543 2,000000 -1,000000 -101,000000 0,000000 0,000000
284 1631382544 2,000000 -1,000000 -101,000000 0,000000 0,000000
284 1631382545 2,000000 -1,000000 -101,000000 0,000000 0,000000
284 1631382546 2,000000 -1,000000 -101,000000 0,000000 0,000000
284 1631382547 2,000000 -1,000000 -101,000000 0,000000 0,000000
284 1631382553 0,600000 -1,000000 -101,000000 0,000000 0,000000
284 1631382554 0,600000 -1,000000 -101,000000 0,000000 0,000000
284 1631382555 0,600000 -1,000000 -101,000000 0,000000 0,000000
284 1631382556 0,600000 -1,000000 -101,000000 0,000000 0,000000
284 1631382557 0,600000 -1,000000 -101,000000 0,000000 0,000000
284 1631382563 2,200000 -1,000000 -101,000000 0,000000 0,000000
284 1631382564 2,200000 -1,000000 -101,000000 0,000000 0,000000
284 1631382565 2,200000 -1,000000 -101,000000 0,000000 0,000000
284 1631382566 2,200000 -1,000000 -101,000000 0,000000 0,000000
284 1631382567 2,200000 -1,000000 -101,000000 0,000000 0,000000
284 1631382568 3,600000 -1,000000 -101,000000 0,000000 0,000000
284 1631382569 3,600000 -1,000000 -101,000000 0,000000 0,000000
284 1631382570 3,600000 -1,000000 -101,000000 0,000000 0,000000
284 1631382571 3,600000 -1,000000 -101,000000 0,000000 0,000000
284 1631382572 3,600000 -1,000000 -101,000000 0,000000 0,000000
284 1631382573 2,000000 -1,000000 -101,000000 0,000000 0,000000
284 1631382574 2,000000 -1,000000 -101,000000 0,000000 0,000000
284 1631382575 2,000000 -1,000000 -101,000000 0,000000 0,000000
284 1631382576 2,000000 -1,000000 -101,000000 0,000000 0,000000
284 1631382577 2,000000 -1,000000 -101,000000 0,000000 0,000000
284 1631382583 5,800000 -1,000000 -101,000000 0,000000 0,000000
284 1631382584 5,800000 -1,000000 -101,000000 0,000000 0,000000
284 1631382585 5,800000 -1,000000 -101,000000 0,000000 0,000000
284 1631382586 5,800000 -1,000000 -101,000000 0,000000 0,000000
284 1631382587 5,800000 -1,000000 -101,000000 0,000000 0,000000
284 1631382588 3,600000 -1,000000 -101,000000 0,000000 0,000000
284 1631382589 3,600000 -1,000000 -101,000000 0,000000 0,000000
284 1631382590 3,600000 -1,000000 -101,000000 0,000000 0,000000
284 1631382591 3,600000 -1,000000 -101,000000 0,000000 0,000000
284 1631382592 3,600000 -1,000000 -101,000000 0,000000 0,000000
284 1631382593 5,400000 -1,000000 -101,000000 0,000000 0,000000
284 1631382594 5,400000 -1,000000 -101,000000 0,000000 0,000000
284 1631382595 5,400000 -1,000000 -101,000000 0,000000 0,000000
284 1631382596 5,400000 -1,000000 -101,000000 0,000000 0,000000
284 1631382597 5,400000 -1,000000 -101,000000 0,000000 0,000000
284 1631382598 5,000000 -1,000000 -101,000000 0,000000 0,000000
284 1631382599 5,000000 -1,000000 -101,000000 0,000000 0,000000
284 1631382600 5,000000 -1,000000 -101,000000 0,000000 0,000000
284 1631382601 5,000000 -1,000000 -101,000000 0,000000 0,000000
284 1631382602 5,000000 -1,000000 -101,000000 0,000000 0,000000
284 1631382603 6,800000 -1,000000 -101,000000 0,000000 0,000000
284 1631382604 6,800000 -1,000000 -101,000000 0,000000 0,000000
284 1631382605 6,800000 -1,000000 -101,000000 0,000000 0,000000
284 1631382606 6,800000 -1,000000 -101,000000 0,000000 0,000000
284 1631382607 6,800000 -1,000000 -101,000000 0,000000 0,000000
284 1631382608 3,600000 -1,000000 -101,000000 0,000000 0,000000
284 1631382609 3,600000 -1,000000 -101,000000 0,000000 0,000000
284 1631382610 3,600000 -1,000000 -101,000000 0,000000 0,000000
284 1631382611 3,600000 -1,000000 -101,000000 0,000000 0,000000
284 1631382612 3,600000 -1,000000 -101,000000 0,000000 0,000000
284 1631382613 2,000000 -1,000000 -101,000000 0,000000 0,000000
284 1631382614 2,000000 -1,000000 -101,000000 0,000000 0,000000
284 1631382615 2,000000 -1,000000 -101,000000 0,000000 0,000000
284 1631382616 2,000000 -1,000000 -101,000000 0,000000 0,000000
284 1631382617 2,000000 -1,000000 -101,000000 0,000000 0,000000
284 1631382623 0,600000 -1,000000 -101,000000 0,000000 0,000000
284 1631382624 0,600000 -1,000000 -101,000000 0,000000 0,000000
284 1631382625 0,600000 -1,000000 -101,000000 0,000000 0,000000
284 1631382626 0,600000 -1,000000 -101,000000 0,000000 0,000000
284 1631382627 0,600000 -1,000000 -101,000000 0,000000 0,000000
284 1631382633 0,800000 -1,000000 -101,000000 0,000000 0,000000
284 1631382634 0,800000 -1,000000 -101,000000 0,000000 0,000000
284 1631382635 0,800000 -1,000000 -101,000000 0,000000 0,000000
284 1631382636 0,800000 -1,000000 -101,000000 0,000000 0,000000
284 1631382637 0,800000 -1,000000 -101,000000 0,000000 0,000000
284 1631382638 1,400000 -1,000000 -101,000000 0,000000 0,000000
284 1631382639 1,400000 -1,000000 -101,000000 0,000000 0,000000
284 1631382640 1,400000 -1,000000 -101,000000 0,000000 0,000000
284 1631382641 1,400000 -1,000000 -101,000000 0,000000 0,000000
284 1631382642 1,400000 -1,000000 -101,000000 0,000000 0,000000
284 1631382643 3,600000 -1,000000 -101,000000 0,000000 0,000000
284 1631382644 3,600000 -1,000000 -101,000000 0,000000 0,000000
284 1631382645 3,600000 -1,000000 -101,000000 0,000000 0,000000
284 1631382646 3,600000 -1,000000 -101,000000 0,000000 0,000000
284 1631382647 3,600000 -1,000000 -101,000000 0,000000 0,000000
284 1631382648 4,200000 -1,000000 -101,000000 0,000000 0,000000
284 1631382649 4,200000 -1,000000 -101,000000 0,000000 0,000000
284 1631382650 4,200000 -1,000000 -101,000000 0,000000 0,000000
284 1631382651 4,200000 -1,000000 -101,000000 0,000000 0,000000
284 1631382652 4,200000 -1,000000 -101,000000 0,000000 0,000000
284 1631382653 2,000000 -1,000000 -101,000000 0,000000 0,000000
284 1631382654 2,000000 -1,000000 -101,000000 0,000000 0,000000
284 1631382655 2,000000 -1,000000 -101,000000 0,000000 0,000000
284 1631382656 2,000000 -1,000000 -101,000000 0,000000 0,000000
284 1631382657 2,000000 -1,000000 -101,000000 0,000000 0,000000
284 1631382658 5,200000 -1,000000 -101,000000 0,000000 0,000000
284 1631382659 5,200000 -1,000000 -101,000000 0,000000 0,000000
284 1631382660 5,200000 -1,000000 -101,000000 0,000000 0,000000
284 1631382661 5,200000 -1,000000 -101,000000 0,000000 0,000000
284 1631382662 5,200000 -1,000000 -101,000000 0,000000 0,000000
284 1631382663 5,400000 -1,000000 -101,000000 0,000000 0,000000
284 1631382664 5,400000 -1,000000 -101,000000 0,000000 0,000000
284 1631382665 5,400000 -1,000000 -101,000000 0,000000 0,000000
284 1631382666 5,400000 -1,000000 -101,000000 0,000000 0,000000
284 1631382667 5,400000 -1,000000 -101,000000 0,000000 0,000000
284 1631382668 5,800000 -1,000000 -101,000000 0,000000 0,000000
284 1631382669 5,800000 -1,000000 -101,000000 0,000000 0,000000
284 1631382670 5,800000 -1,000000 -101,000000 0,000000 0,000000
284 1631382671 5,800000 -1,000000 -101,000000 0,000000 0,000000
284 1631382672 5,800000 -1,000000 -101,000000 0,000000 0,000000
284 1631382673 5,200000 -1,000000 -101,000000 0,000000 0,000000
284 1631382674 5,200000 -1,000000 -101,000000 0,000000 0,000000
284 1631382675 5,200000 -1,000000 -101,000000 0,000000 0,000000
284 1631382676 5,200000 -1,000000 -101,000000 0,000000 0,000000
284 1631382677 5,200000 -1,000000 -101,000000 0,000000 0,000000
284 1631382678 7,200000 -1,000000 -101,000000 0,000000 0,000000
284 1631382679 7,200000 -1,000000 -101,000000 0,000000 0,000000
284 1631382680 7,200000 -1,000000 -101,000000 0,000000 0,000000
284 1631382681 7,200000 -1,000000 -101,000000 0,000000 0,000000
284 1631382682 7,200000 -1,000000 -101,000000 0,000000 0,000000
284 1631382683 3,600000 -1,000000 -101,000000 0,000000 0,000000
284 1631382684 3,600000 -1,000000 -101,000000 0,000000 0,000000
284 1631382685 3,600000 -1,000000 -101,000000 0,000000 0,000000
284 1631382686 3,600000 -1,000000 -101,000000 0,000000 0,000000
284 1631382687 3,600000 -1,000000 -101,000000 0,000000 0,000000
284 1631382688 5,000000 -1,000000 -101,000000 0,000000 0,000000
284 1631382689 5,000000 -1,000000 -101,000000 0,000000 0,000000
284 1631382690 5,000000 -1,000000 -101,000000 0,000000 0,000000
284 1631382691 5,000000 -1,000000 -101,000000 0,000000 0,000000
284 1631382692 5,000000 -1,000000 -101,000000 0,000000 0,000000
284 1631382693 2,600000 -1,000000 -101,000000 0,000000 0,000000
284 1631382694 2,600000 -1,000000 -101,000000 0,000000 0,000000
284 1631382695 2,600000 -1,000000 -101,000000 0,000000 0,000000
284 1631382696 2,600000 -1,000000 -101,000000 0,000000 0,000000
284 1631382697 2,600000 -1,000000 -101,000000 0,000000 0,000000
284 1631382703 0,600000 -1,000000 -101,000000 0,000000 0,000000
284 1631382704 0,600000 -1,000000 -101,000000 0,000000 0,000000
284 1631382705 0,600000 -1,000000 -101,000000 0,000000 0,000000
284 1631382706 0,600000 -1,000000 -101,000000 0,000000 0,000000
284 1631382707 0,600000 -1,000000 -101,000000 0,000000 0,000000
284 1631382723 2,200000 -1,000000 -101,000000 0,000000 0,000000
284 1631382724 2,200000 -1,000000 -101,000000 0,000000 0,000000
284 1631382725 2,200000 -1,000000 -101,000000 0,000000 0,000000
284 1631382726 2,200000 -1,000000 -101,000000 0,000000 0,000000
284 1631382727 2,200000 -1,000000 -101,000000 0,000000 0,000000
284 1631382728 4,400000 -1,000000 -101,000000 0,000000 0,000000
284 1631382729 4,400000 -1,000000 -101,000000 0,000000 0,000000
284 1631382730 4,400000 -1,000000 -101,000000 0,000000 0,000000
284 1631382731 4,400000 -1,000000 -101,000000 0,000000 0,000000
284 1631382732 4,400000 -1,000000 -101,000000 0,000000 0,000000
284 1631382733 6,400000 -1,000000 -101,000000 0,000000 0,000000
284 1631382734 6,400000 -1,000000 -101,000000 0,000000 0,000000
284 1631382735 6,400000 -1,000000 -101,000000 0,000000 0,000000
284 1631382736 6,400000 -1,000000 -101,000000 0,000000 0,000000
284 1631382737 6,400000 -1,000000 -101,000000 0,000000 0,000000
284 1631382738 5,000000 -1,000000 -101,000000 0,000000 0,000000
284 1631382739 5,000000 -1,000000 -101,000000 0,000000 0,000000
284 1631382740 5,000000 -1,000000 -101,000000 0,000000 0,000000
284 1631382741 5,000000 -1,000000 -101,000000 0,000000 0,000000
284 1631382742 5,000000 -1,000000 -101,000000 0,000000 0,000000
284 1631382743 5,200000 -1,000000 -101,000000 0,000000 0,000000
284 1631382744 5,200000 -1,000000 -101,000000 0,000000 0,000000
284 1631382745 5,200000 -1,000000 -101,000000 0,000000 0,000000
284 1631382746 5,200000 -1,000000 -101,000000 0,000000 0,000000
284 1631382747 5,200000 -1,000000 -101,000000 0,000000 0,000000
284 1631382748 4,400000 -1,000000 -101,000000 0,000000 0,000000
284 1631382749 4,400000 -1,000000 -101,000000 0,000000 0,000000
284 1631382750 4,400000 -1,000000 -101,000000 0,000000 0,000000
284 1631382751 4,400000 -1,000000 -101,000000 0,000000 0,000000
284 1631382752 4,400000 -1,000000 -101,000000 0,000000 0,000000
284 1631382753 4,600000 -1,000000 -101,000000 0,000000 0,000000
284 1631382754 4,600000 -1,000000 -101,000000 0,000000 0,000000
284 1631382755 4,600000 -1,000000 -101,000000 0,000000 0,000000
284 1631382756 4,600000 -1,000000 -101,000000 0,000000 0,000000
284 1631382757 4,600000 -1,000000 -101,000000 0,000000 0,000000
284 1631382763 2,200000 -1,000000 -101,000000 0,000000 0,000000
284 1631382764 2,200000 -1,000000 -101,000000 0,000000 0,000000
284 1631382765 2,200000 -1,000000 -101,000000 0,000000 0,000000
284 1631382766 2,200000 -1,000000 -101,000000 0,000000 0,000000
284 1631382767 2,200000 -1,000000 -101,000000 0,000000 0,000000
284 1631382768 3,600000 -1,000000 -101,000000 0,000000 0,000000
284 1631382769 3,600000 -1,000000 -101,000000 0,000000 0,000000
284 1631382770 3,600000 -1,000000 -101,000000 0,000000 0,000000
284 1631382771 3,600000 -1,000000 -101,000000 0,000000 0,000000
284 1631382772 3,600000 -1,000000 -101,000000 0,000000 0,000000
284 1631382773 2,800000 -1,000000 -101,000000 0,000000 0,000000
284 1631382774 2,800000 -1,000000 -101,000000 0,000000 0,000000
284 1631382775 2,800000 -1,000000 -101,000000 0,000000 0,000000
284 1631382776 2,800000 -1,000000 -101,000000 0,000000 0,000000
284 1631382777 2,800000 -1,000000 -101,000000 0,000000 0,000000
284 1631382778 1,400000 -1,000000 -101,000000 0,000000 0,000000
284 1631382779 1,400000 -1,000000 -101,000000 0,000000 0,000000
284 1631382780 1,400000 -1,000000 -101,000000 0,000000 0,000000
284 1631382781 1,400000 -1,000000 -101,000000 0,000000 0,000000
284 1631382782 1,400000 -1,000000 -101,000000 0,000000 0,000000
284 1631382783 2,000000 -1,000000 -101,000000 0,000000 0,000000
284 1631382784 2,000000 -1,000000 -101,000000 0,000000 0,000000
284 1631382785 2,000000 -1,000000 -101,000000 0,000000 0,000000
284 1631382786 2,000000 -1,000000 -101,000000 0,000000 0,000000
284 1631382787 2,000000 -1,000000 -101,000000 0,000000 0,000000
284 1631382793 0,600000 -1,000000 -101,000000 0,000000 0,000000
284 1631382794 0,600000 -1,000000 -101,000000 0,000000 0,000000
284 1631382795 0,600000 -1,000000 -101,000000 0,000000 0,000000
284 1631382796 0,600000 -1,000000 -101,000000 0,000000 0,000000
284 1631382797 0,600000 -1,000000 -101,000000 0,000000 0,000000
284 1631382803 2,200000 -1,000000 -101,000000 0,000000 0,000000
284 1631382804 2,200000 -1,000000 -101,000000 0,000000 0,000000
284 1631382805 2,200000 -1,000000 -101,000000 0,000000 0,000000
284 1631382806 2,200000 -1,000000 -101,000000 0,000000 0,000000
284 1631382807 2,200000 -1,000000 -101,000000 0,000000 0,000000
284 1631382808 8,000000 -1,000000 -101,000000 0,000000 0,000000
284 1631382809 8,000000 -1,000000 -101,000000 0,000000 0,000000
284 1631382810 8,000000 -1,000000 -101,000000 0,000000 0,000000
284 1631382811 8,000000 -1,000000 -101,000000 0,000000 0,000000
284 1631382812 8,000000 -1,000000 -101,000000 0,000000 0,000000
284 1631382813 2,800000 -1,000000 -101,000000 0,000000 0,000000
284 1631382814 2,800000 -1,000000 -101,000000 0,000000 0,000000
284 1631382815 2,800000 -1,000000 -101,000000 0,000000 0,000000
284 1631382816 2,800000 -1,000000 -101,000000 0,000000 0,000000
284 1631382817 2,800000 -1,000000 -101,000000 0,000000 0,000000
284 1631382818 5,400000 -1,000000 -101,000000 0,000000 0,000000
284 1631382819 5,400000 -1,000000 -101,000000 0,000000 0,000000
284 1631382820 5,400000 -1,000000 -101,000000 0,000000 0,000000
284 1631382821 5,400000 -1,000000 -101,000000 0,000000 0,000000
284 1631382822 5,400000 -1,000000 -101,000000 0,000000 0,000000
284 1631382823 5,800000 -1,000000 -101,000000 0,000000 0,000000
284 1631382824 5,800000 -1,000000 -101,000000 0,000000 0,000000
284 1631382825 5,800000 -1,000000 -101,000000 0,000000 0,000000
284 1631382826 5,800000 -1,000000 -101,000000 0,000000 0,000000
284 1631382827 5,800000 -1,000000 -101,000000 0,000000 0,000000
284 1631382828 6,000000 -1,000000 -101,000000 0,000000 0,000000
284 1631382829 6,000000 -1,000000 -101,000000 0,000000 0,000000
284 1631382830 6,000000 -1,000000 -101,000000 0,000000 0,000000
284 1631382831 6,000000 -1,000000 -101,000000 0,000000 0,000000
284 1631382832 6,000000 -1,000000 -101,000000 0,000000 0,000000
284 1631382833 1,400000 -1,000000 -101,000000 0,000000 0,000000
284 1631382834 1,400000 -1,000000 -101,000000 0,000000 0,000000
284 1631382835 1,400000 -1,000000 -101,000000 0,000000 0,000000
284 1631382836 1,400000 -1,000000 -101,000000 0,000000 0,000000
284 1631382837 1,400000 -1,000000 -101,000000 0,000000 0,000000
284 1631382838 1,400000 -1,000000 -101,000000 0,000000 0,000000
284 1631382839 1,400000 -1,000000 -101,000000 0,000000 0,000000
284 1631382840 1,400000 -1,000000 -101,000000 0,000000 0,000000
284 1631382841 1,400000 -1,000000 -101,000000 0,000000 0,000000
284 1631382842 1,400000 -1,000000 -101,000000 0,000000 0,000000
284 1631382843 4,800000 -1,000000 -101,000000 0,000000 0,000000
284 1631382844 4,800000 -1,000000 -101,000000 0,000000 0,000000
284 1631382845 4,800000 -1,000000 -101,000000 0,000000 0,000000
284 1631382846 4,800000 -1,000000 -101,000000 0,000000 0,000000
284 1631382847 4,800000 -1,000000 -101,000000 0,000000 0,000000
284 1631382848 5,400000 -1,000000 -101,000000 0,000000 0,000000
284 1631382849 5,400000 -1,000000 -101,000000 0,000000 0,000000
284 1631382850 5,400000 -1,000000 -101,000000 0,000000 0,000000
284 1631382851 5,400000 -1,000000 -101,000000 0,000000 0,000000
284 1631382852 5,400000 -1,000000 -101,000000 0,000000 0,000000
284 1631382853 1,400000 -1,000000 -101,000000 0,000000 0,000000
284 1631382854 1,400000 -1,000000 -101,000000 0,000000 0,000000
284 1631382855 1,400000 -1,000000 -101,000000 0,000000 0,000000
284 1631382856 1,400000 -1,000000 -101,000000 0,000000 0,000000
284 1631382857 1,400000 -1,000000 -101,000000 0,000000 0,000000
284 1631382858 3,200000 -1,000000 -101,000000 0,000000 0,000000
284 1631382859 3,200000 -1,000000 -101,000000 0,000000 0,000000
284 1631382860 3,200000 -1,000000 -101,000000 0,000000 0,000000
284 1631382861 3,200000 -1,000000 -101,000000 0,000000 0,000000
284 1631382862 3,200000 -1,000000 -101,000000 0,000000 0,000000
284 1631382863 0,600000 -1,000000 -101,000000 0,000000 0,000000
284 1631382864 0,600000 -1,000000 -101,000000 0,000000 0,000000
284 1631382865 0,600000 -1,000000 -101,000000 0,000000 0,000000
284 1631382866 0,600000 -1,000000 -101,000000 0,000000 0,000000
284 1631382867 0,600000 -1,000000 -101,000000 0,000000 0,000000
284 1631382873 0,800000 -1,000000 -101,000000 0,000000 0,000000
284 1631382874 0,800000 -1,000000 -101,000000 0,000000 0,000000
284 1631382875 0,800000 -1,000000 -101,000000 0,000000 0,000000
284 1631382876 0,800000 -1,000000 -101,000000 0,000000 0,000000
284 1631382877 0,800000 -1,000000 -101,000000 0,000000 0,000000
284 1631382878 1,400000 -1,000000 -101,000000 0,000000 0,000000
284 1631382879 1,400000 -1,000000 -101,000000 0,000000 0,000000
284 1631382880 1,400000 -1,000000 -101,000000 0,000000 0,000000
284 1631382881 1,400000 -1,000000 -101,000000 0,000000 0,000000
284 1631382882 1,400000 -1,000000 -101,000000 0,000000 0,000000
284 1631382883 8,000000 -1,000000 -101,000000 0,000000 0,000000
284 1631382884 8,000000 -1,000000 -101,000000 0,000000 0,000000
284 1631382885 8,000000 -1,000000 -101,000000 0,000000 0,000000
284 1631382886 8,000000 -1,000000 -101,000000 0,000000 0,000000
284 1631382887 8,000000 -1,000000 -101,000000 0,000000 0,000000
284 1631382947 0,600000 -1,000000 0,600000 0,600000 0,000000
284 1631382946 0,600000 -1,000000 0,600000 0,600000 0,000000
284 1631382945 0,600000 -1,000000 0,600000 0,600000 0,000000
284 1631382944 0,600000 -1,000000 0,600000 0,600000 0,000000
284 1631382943 0,600000 -1,000000 0,600000 0,600000 0,000000
284 1631382942 1,400000 -1,000000 1,400000 1,400000 0,000000
284 1631382941 1,400000 -1,000000 1,400000 1,400000 0,000000
284 1631382940 1,400000 -1,000000 1,400000 1,400000 0,000000
284 1631382939 1,400000 -1,000000 1,400000 1,400000 0,000000
284 1631382938 1,400000 -1,000000 1,400000 1,400000 0,000000
284 1631382937 1,200000 -1,000000 1,200000 1,200000 0,000000
284 1631382936 1,200000 -1,000000 1,200000 1,200000 0,000000
284 1631382935 1,200000 -1,000000 1,200000 1,200000 0,000000
284 1631382934 1,200000 -1,000000 1,200000 1,200000 0,000000
284 1631382933 1,200000 -1,000000 1,200000 1,200000 0,000000
284 1631382932 5,000000 -1,000000 5,000000 5,000000 0,000000
284 1631382931 5,000000 -1,000000 5,000000 5,000000 0,000000
284 1631382930 5,000000 -1,000000 5,000000 5,000000 0,000000
284 1631382929 5,000000 -1,000000 5,000000 5,000000 0,000000
284 1631382928 5,000000 -1,000000 5,000000 5,000000 0,000000
284 1631382927 3,600000 -1,000000 3,600000 3,600000 0,000000
284 1631382926 3,600000 -1,000000 3,600000 3,600000 0,000000
284 1631382925 3,600000 -1,000000 3,600000 3,600000 0,000000
284 1631382924 3,600000 -1,000000 3,600000 3,600000 0,000000
284 1631382923 3,600000 -1,000000 3,600000 3,600000 0,000000
284 1631382922 0,800000 -1,000000 0,800000 0,800000 0,000000
284 1631382921 0,800000 -1,000000 0,800000 0,800000 0,000000
284 1631382920 0,800000 -1,000000 0,800000 0,800000 0,000000
284 1631382919 0,800000 -1,000000 0,800000 0,800000 0,000000
284 1631382918 0,800000 -1,000000 0,800000 0,800000 0,000000
284 1631382907 5,200000 -1,000000 5,200000 5,200000 0,000000
284 1631382906 5,200000 -1,000000 5,200000 5,200000 0,000000
284 1631382905 5,200000 -1,000000 5,200000 5,200000 0,000000
284 1631382904 5,200000 -1,000000 5,200000 5,200000 0,000000
284 1631382903 5,200000 -1,000000 5,200000 5,200000 0,000000
284 1631382902 5,800000 -1,000000 5,800000 5,800000 0,000000
284 1631382901 5,800000 -1,000000 5,800000 5,800000 0,000000
284 1631382900 5,800000 -1,000000 5,800000 5,800000 0,000000
284 1631382899 5,800000 -1,000000 5,800000 5,800000 0,000000
284 1631382898 5,800000 -1,000000 5,800000 5,800000 0,000000
284 1631382897 4,600000 -1,000000 4,600000 4,600000 0,000000
284 1631382896 4,600000 -1,000000 4,600000 4,600000 0,000000
284 1631382895 4,600000 -1,000000 4,600000 4,600000 0,000000
284 1631382894 4,600000 -1,000000 4,600000 4,600000 0,000000
284 1631382893 4,600000 -1,000000 4,600000 4,600000 0,000000
284 1631382892 6,400000 -1,000000 6,400000 6,400000 0,000000
284 1631382891 6,400000 -1,000000 6,400000 6,400000 0,000000
284 1631382890 6,400000 -1,000000 6,400000 6,400000 0,000000
284 1631382889 6,400000 -1,000000 6,400000 6,400000 0,000000
284 1631382888 6,400000 -1,000000 6,400000 6,400000 0,000000
284 1631382888 6,400000 -1,000000 -101,000000 0,000000 0,000000
284 1631382889 6,400000 -1,000000 -101,000000 0,000000 0,000000
284 1631382890 6,400000 -1,000000 -101,000000 0,000000 0,000000
284 1631382891 6,400000 -1,000000 -101,000000 0,000000 0,000000
284 1631382892 6,400000 -1,000000 -101,000000 0,000000 0,000000
284 1631382893 4,600000 -1,000000 -101,000000 0,000000 0,000000
284 1631382894 4,600000 -1,000000 -101,000000 0,000000 0,000000
284 1631382895 4,600000 -1,000000 -101,000000 0,000000 0,000000
284 1631382896 4,600000 -1,000000 -101,000000 0,000000 0,000000
284 1631382897 4,600000 -1,000000 -101,000000 0,000000 0,000000
284 1631382898 5,800000 -1,000000 -101,000000 0,000000 0,000000
284 1631382899 5,800000 -1,000000 -101,000000 0,000000 0,000000
284 1631382900 5,800000 -1,000000 -101,000000 0,000000 0,000000
284 1631382901 5,800000 -1,000000 -101,000000 0,000000 0,000000
284 1631382902 5,800000 -1,000000 -101,000000 0,000000 0,000000
284 1631382903 5,200000 -1,000000 -101,000000 0,000000 0,000000
284 1631382904 5,200000 -1,000000 -101,000000 0,000000 0,000000
284 1631382905 5,200000 -1,000000 -101,000000 0,000000 0,000000
284 1631382906 5,200000 -1,000000 -101,000000 0,000000 0,000000
284 1631382907 5,200000 -1,000000 -101,000000 0,000000 0,000000
284 1631382918 0,800000 -1,000000 -101,000000 0,000000 0,000000
284 1631382919 0,800000 -1,000000 -101,000000 0,000000 0,000000
284 1631382920 0,800000 -1,000000 -101,000000 0,000000 0,000000
284 1631382921 0,800000 -1,000000 -101,000000 0,000000 0,000000
284 1631382922 0,800000 -1,000000 -101,000000 0,000000 0,000000
284 1631382923 3,600000 -1,000000 -101,000000 0,000000 0,000000
284 1631382924 3,600000 -1,000000 -101,000000 0,000000 0,000000
284 1631382925 3,600000 -1,000000 -101,000000 0,000000 0,000000
284 1631382926 3,600000 -1,000000 -101,000000 0,000000 0,000000
284 1631382927 3,600000 -1,000000 -101,000000 0,000000 0,000000
284 1631382928 5,000000 -1,000000 -101,000000 0,000000 0,000000
284 1631382929 5,000000 -1,000000 -101,000000 0,000000 0,000000
284 1631382930 5,000000 -1,000000 -101,000000 0,000000 0,000000
284 1631382931 5,000000 -1,000000 -101,000000 0,000000 0,000000
284 1631382932 5,000000 -1,000000 -101,000000 0,000000 0,000000
284 1631382933 1,200000 -1,000000 -101,000000 0,000000 0,000000
284 1631382934 1,200000 -1,000000 -101,000000 0,000000 0,000000
284 1631382935 1,200000 -1,000000 -101,000000 0,000000 0,000000
284 1631382936 1,200000 -1,000000 -101,000000 0,000000 0,000000
284 1631382937 1,200000 -1,000000 -101,000000 0,000000 0,000000
284 1631382938 1,400000 -1,000000 -101,000000 0,000000 0,000000
284 1631382939 1,400000 -1,000000 -101,000000 0,000000 0,000000
284 1631382940 1,400000 -1,000000 -101,000000 0,000000 0,000000
284 1631382941 1,400000 -1,000000 -101,000000 0,000000 0,000000
284 1631382942 1,400000 -1,000000 -101,000000 0,000000 0,000000
284 1631382943 0,600000 -1,000000 -101,000000 0,000000 0,000000
284 1631382944 0,600000 -1,000000 -101,000000 0,000000 0,000000
284 1631382945 0,600000 -1,000000 -101,000000 0,000000 0,000000
284 1631382946 0,600000 -1,000000 -101,000000 0,000000 0,000000
284 1631382947 0,600000 -1,000000 -101,000000 0,000000 0,000000
284 1631382953 0,800000 -1,000000 -101,000000 0,000000 0,000000
284 1631382954 0,800000 -1,000000 -101,000000 0,000000 0,000000
284 1631382955 0,800000 -1,000000 -101,000000 0,000000 0,000000
284 1631382956 0,800000 -1,000000 -101,000000 0,000000 0,000000
284 1631382957 0,800000 -1,000000 -101,000000 0,000000 0,000000
284 1631382958 4,400000 -1,000000 -101,000000 0,000000 0,000000
284 1631382959 4,400000 -1,000000 -101,000000 0,000000 0,000000
284 1631382960 4,400000 -1,000000 -101,000000 0,000000 0,000000
284 1631382961 4,400000 -1,000000 -101,000000 0,000000 0,000000
284 1631382962 4,400000 -1,000000 -101,000000 0,000000 0,000000
284 1631382963 5,800000 -1,000000 -101,000000 0,000000 0,000000
284 1631382964 5,800000 -1,000000 -101,000000 0,000000 0,000000
284 1631382965 5,800000 -1,000000 -101,000000 0,000000 0,000000
284 1631382966 5,800000 -1,000000 -101,000000 0,000000 0,000000
284 1631382967 5,800000 -1,000000 -101,000000 0,000000 0,000000
284 1631382968 7,000000 -1,000000 -101,000000 0,000000 0,000000
284 1631382969 7,000000 -1,000000 -101,000000 0,000000 0,000000
284 1631382970 7,000000 -1,000000 -101,000000 0,000000 0,000000
284 1631382971 7,000000 -1,000000 -101,000000 0,000000 0,000000
284 1631382972 7,000000 -1,000000 -101,000000 0,000000 0,000000
284 1631382973 7,000000 -1,000000 -101,000000 0,000000 0,000000
284 1631382974 7,000000 -1,000000 -101,000000 0,000000 0,000000
284 1631382975 7,000000 -1,000000 -101,000000 0,000000 0,000000
284 1631382976 7,000000 -1,000000 -101,000000 0,000000 0,000000
284 1631382977 7,000000 -1,000000 -101,000000 0,000000 0,000000
284 1631382978 6,000000 -1,000000 -101,000000 0,000000 0,000000
284 1631382979 6,000000 -1,000000 -101,000000 0,000000 0,000000
284 1631382980 6,000000 -1,000000 -101,000000 0,000000 0,000000
284 1631382981 6,000000 -1,000000 -101,000000 0,000000 0,000000
284 1631382982 6,000000 -1,000000 -101,000000 0,000000 0,000000
284 1631382983 1,200000 -1,000000 -101,000000 0,000000 0,000000
284 1631382984 1,200000 -1,000000 -101,000000 0,000000 0,000000
284 1631382985 1,200000 -1,000000 -101,000000 0,000000 0,000000
284 1631382986 1,200000 -1,000000 -101,000000 0,000000 0,000000
284 1631382987 1,200000 -1,000000 -101,000000 0,000000 0,000000
284 1631383003 2,200000 -1,000000 -101,000000 0,000000 0,000000
284 1631383004 2,200000 -1,000000 -101,000000 0,000000 0,000000
284 1631383005 2,200000 -1,000000 -101,000000 0,000000 0,000000
284 1631383006 2,200000 -1,000000 -101,000000 0,000000 0,000000
284 1631383007 2,200000 -1,000000 -101,000000 0,000000 0,000000
284 1631383070 2,333333 -1,000000 2,333333 2,333333 0,000000
284 1631383069 2,333333 -1,000000 2,333333 2,333333 0,000000
284 1631383068 2,333333 -1,000000 2,333333 2,333333 0,000000
284 1631383067 1,400000 -1,000000 1,400000 1,400000 0,000000
284 1631383066 1,400000 -1,000000 1,400000 1,400000 0,000000
284 1631383065 1,400000 -1,000000 1,400000 1,400000 0,000000
284 1631383064 1,400000 -1,000000 1,400000 1,400000 0,000000
284 1631383063 1,400000 -1,000000 1,400000 1,400000 0,000000
284 1631383062 1,400000 -1,000000 1,400000 1,400000 0,000000
284 1631383061 1,400000 -1,000000 1,400000 1,400000 0,000000
284 1631383060 1,400000 -1,000000 1,400000 1,400000 0,000000
284 1631383059 1,400000 -1,000000 1,400000 1,400000 0,000000
284 1631383058 1,400000 -1,000000 1,400000 1,400000 0,000000
284 1631383057 3,000000 -1,000000 3,000000 3,000000 0,000000
284 1631383056 3,000000 -1,000000 3,000000 3,000000 0,000000
284 1631383055 3,000000 -1,000000 3,000000 3,000000 0,000000
284 1631383054 3,000000 -1,000000 3,000000 3,000000 0,000000
284 1631383053 3,000000 -1,000000 3,000000 3,000000 0,000000
284 1631383052 9,400000 -1,000000 9,400000 9,400000 0,000000
284 1631383051 9,400000 -1,000000 9,400000 9,400000 0,000000
284 1631383050 9,400000 -1,000000 9,400000 9,400000 0,000000
284 1631383049 9,400000 -1,000000 9,400000 9,400000 0,000000
284 1631383048 9,400000 -1,000000 9,400000 9,400000 0,000000
284 1631383047 4,400000 -1,000000 4,400000 4,400000 0,000000
284 1631383046 4,400000 -1,000000 4,400000 4,400000 0,000000
284 1631383045 4,400000 -1,000000 4,400000 4,400000 0,000000
284 1631383044 4,400000 -1,000000 4,400000 4,400000 0,000000
284 1631383043 4,400000 -1,000000 4,400000 4,400000 0,000000
284 1631383042 5,800000 -1,000000 5,800000 5,800000 0,000000
284 1631383041 5,800000 -1,000000 5,800000 5,800000 0,000000
284 1631383040 5,800000 -1,000000 5,800000 5,800000 0,000000
284 1631383039 5,800000 -1,000000 5,800000 5,800000 0,000000
284 1631383038 5,800000 -1,000000 5,800000 5,800000 0,000000
284 1631383037 5,800000 -1,000000 5,800000 5,800000 0,000000
284 1631383036 5,800000 -1,000000 5,800000 5,800000 0,000000
284 1631383035 5,800000 -1,000000 5,800000 5,800000 0,000000
284 1631383034 5,800000 -1,000000 5,800000 5,800000 0,000000
284 1631383033 5,800000 -1,000000 5,800000 5,800000 0,000000
284 1631383032 4,000000 -1,000000 4,000000 4,000000 0,000000
284 1631383031 4,000000 -1,000000 4,000000 4,000000 0,000000
284 1631383030 4,000000 -1,000000 4,000000 4,000000 0,000000
284 1631383029 4,000000 -1,000000 4,000000 4,000000 0,000000
284 1631383028 4,000000 -1,000000 4,000000 4,000000 0,000000
284 1631383027 3,200000 -1,000000 3,200000 3,200000 0,000000
284 1631383026 3,200000 -1,000000 3,200000 3,200000 0,000000
284 1631383025 3,200000 -1,000000 3,200000 3,200000 0,000000
284 1631383024 3,200000 -1,000000 3,200000 3,200000 0,000000
284 1631383023 3,200000 -1,000000 3,200000 3,200000 0,000000
284 1631383022 3,600000 -1,000000 3,600000 3,600000 0,000000
284 1631383021 3,600000 -1,000000 3,600000 3,600000 0,000000
284 1631383020 3,600000 -1,000000 3,600000 3,600000 0,000000
284 1631383019 3,600000 -1,000000 3,600000 3,600000 0,000000
284 1631383018 3,600000 -1,000000 3,600000 3,600000 0,000000
284 1631383017 1,400000 -1,000000 1,400000 1,400000 0,000000
284 1631383016 1,400000 -1,000000 1,400000 1,400000 0,000000
284 1631383015 1,400000 -1,000000 1,400000 1,400000 0,000000
284 1631383014 1,400000 -1,000000 1,400000 1,400000 0,000000
284 1631383013 1,400000 -1,000000 1,400000 1,400000 0,000000
284 1631383012 3,600000 -1,000000 3,600000 3,600000 0,000000
284 1631383011 3,600000 -1,000000 3,600000 3,600000 0,000000
284 1631383010 3,600000 -1,000000 3,600000 3,600000 0,000000
284 1631383009 3,600000 -1,000000 3,600000 3,600000 0,000000
284 1631383008 3,600000 -1,000000 3,600000 3,600000 0,000000
