256 1631355145 0,200000 -1,000000 -101,000000 0,000000 0,000000
256 1631355146 0,200000 -1,000000 -101,000000 0,000000 0,000000
256 1631355147 0,200000 -1,000000 -101,000000 0,000000 0,000000
256 1631355148 0,200000 -1,000000 -101,000000 0,000000 0,000000
256 1631355149 0,200000 -1,000000 -101,000000 0,000000 0,000000
256 1631355185 0,200000 -1,000000 -101,000000 0,000000 0,000000
256 1631355186 0,200000 -1,000000 -101,000000 0,000000 0,000000
256 1631355187 0,200000 -1,000000 -101,000000 0,000000 0,000000
256 1631355188 0,200000 -1,000000 -101,000000 0,000000 0,000000
256 1631355189 0,200000 -1,000000 -101,000000 0,000000 0,000000
256 1631355295 0,200000 -1,000000 -101,000000 0,000000 0,000000
256 1631355296 0,200000 -1,000000 -101,000000 0,000000 0,000000
256 1631355297 0,200000 -1,000000 -101,000000 0,000000 0,000000
256 1631355298 0,200000 -1,000000 -101,000000 0,000000 0,000000
256 1631355299 0,200000 -1,000000 -101,000000 0,000000 0,000000
256 1631355305 0,200000 -1,000000 -101,000000 0,000000 0,000000
256 1631355306 0,200000 -1,000000 -101,000000 0,000000 0,000000
256 1631355307 0,200000 -1,000000 -101,000000 0,000000 0,000000
256 1631355308 0,200000 -1,000000 -101,000000 0,000000 0,000000
256 1631355309 0,200000 -1,000000 -101,000000 0,000000 0,000000
256 1631355455 0,200000 -1,000000 -101,000000 0,000000 0,000000
256 1631355456 0,200000 -1,000000 -101,000000 0,000000 0,000000
256 1631355457 0,200000 -1,000000 -101,000000 0,000000 0,000000
256 1631355458 0,200000 -1,000000 -101,000000 0,000000 0,000000
256 1631355459 0,200000 -1,000000 -101,000000 0,000000 0,000000
256 1631355470 0,200000 -1,000000 -101,000000 0,000000 0,000000
256 1631355471 0,200000 -1,000000 -101,000000 0,000000 0,000000
256 1631355472 0,200000 -1,000000 -101,000000 0,000000 0,000000
256 1631355473 0,200000 -1,000000 -101,000000 0,000000 0,000000
256 1631355474 0,200000 -1,000000 -101,000000 0,000000 0,000000
256 1631355480 0,200000 -1,000000 -101,000000 0,000000 0,000000
256 1631355481 0,200000 -1,000000 -101,000000 0,000000 0,000000
256 1631355482 0,200000 -1,000000 -101,000000 0,000000 0,000000
256 1631355483 0,200000 -1,000000 -101,000000 0,000000 0,000000
256 1631355484 0,200000 -1,000000 -101,000000 0,000000 0,000000
256 1631355490 0,200000 -1,000000 -101,000000 0,000000 0,000000
256 1631355491 0,200000 -1,000000 -101,000000 0,000000 0,000000
256 1631355492 0,200000 -1,000000 -101,000000 0,000000 0,000000
256 1631355493 0,200000 -1,000000 -101,000000 0,000000 0,000000
256 1631355494 0,200000 -1,000000 -101,000000 0,000000 0,000000
256 1631355505 0,200000 -1,000000 -101,000000 0,000000 0,000000
256 1631355506 0,200000 -1,000000 -101,000000 0,000000 0,000000
256 1631355507 0,200000 -1,000000 -101,000000 0,000000 0,000000
256 1631355508 0,200000 -1,000000 -101,000000 0,000000 0,000000
256 1631355509 0,200000 -1,000000 -101,000000 0,000000 0,000000
256 1631355515 0,200000 -1,000000 -101,000000 0,000000 0,000000
256 1631355516 0,200000 -1,000000 -101,000000 0,000000 0,000000
256 1631355517 0,200000 -1,000000 -101,000000 0,000000 0,000000
256 1631355518 0,200000 -1,000000 -101,000000 0,000000 0,000000
256 1631355519 0,200000 -1,000000 -101,000000 0,000000 0,000000
256 1631355520 0,200000 -1,000000 -101,000000 0,000000 0,000000
256 1631355521 0,200000 -1,000000 -101,000000 0,000000 0,000000
256 1631355522 0,200000 -1,000000 -101,000000 0,000000 0,000000
256 1631355523 0,200000 -1,000000 -101,000000 0,000000 0,000000
256 1631355524 0,200000 -1,000000 -101,000000 0,000000 0,000000
256 1631355530 0,200000 -1,000000 -101,000000 0,000000 0,000000
256 1631355531 0,200000 -1,000000 -101,000000 0,000000 0,000000
256 1631355532 0,200000 -1,000000 -101,000000 0,000000 0,000000
256 1631355533 0,200000 -1,000000 -101,000000 0,000000 0,000000
256 1631355534 0,200000 -1,000000 -101,000000 0,000000 0,000000
256 1631355545 0,200000 -1,000000 -101,000000 0,000000 0,000000
256 1631355546 0,200000 -1,000000 -101,000000 0,000000 0,000000
256 1631355547 0,200000 -1,000000 -101,000000 0,000000 0,000000
256 1631355548 0,200000 -1,000000 -101,000000 0,000000 0,000000
256 1631355549 0,200000 -1,000000 -101,000000 0,000000 0,000000
256 1631355615 0,200000 -1,000000 -101,000000 0,000000 0,000000
256 1631355616 0,200000 -1,000000 -101,000000 0,000000 0,000000
256 1631355617 0,200000 -1,000000 -101,000000 0,000000 0,000000
256 1631355618 0,200000 -1,000000 -101,000000 0,000000 0,000000
256 1631355619 0,200000 -1,000000 -101,000000 0,000000 0,000000
256 1631355635 0,200000 -1,000000 -101,000000 0,000000 0,000000
256 1631355636 0,200000 -1,000000 -101,000000 0,000000 0,000000
256 1631355637 0,200000 -1,000000 -101,000000 0,000000 0,000000
256 1631355699 0,200000 -1,000000 0,200000 0,200000 0,008000
256 1631355698 0,200000 -1,000000 0,200000 0,200000 0,008000
256 1631355697 0,200000 -1,000000 0,200000 0,200000 0,008000
256 1631355696 0,200000 -1,000000 0,200000 0,200000 0,008000
256 1631355695 0,200000 -1,000000 0,200000 0,200000 0,008000
256 1631355639 0,200000 -1,000000 0,200000 0,200000 0,008000
256 1631355638 0,200000 -1,000000 0,200000 0,200000 0,008000
256 1631355638 0,200000 -1,000000 -101,000000 0,000000 0,000000
256 1631355639 0,200000 -1,000000 -101,000000 0,000000 0,000000
256 1631355695 0,200000 -1,000000 -101,000000 0,000000 0,000000
256 1631355696 0,200000 -1,000000 -101,000000 0,000000 0,000000
256 1631355697 0,200000 -1,000000 -101,000000 0,000000 0,000000
256 1631355698 0,200000 -1,000000 -101,000000 0,000000 0,000000
256 1631355699 0,200000 -1,000000 -101,000000 0,000000 0,000000
256 1631355795 0,200000 -1,000000 -101,000000 0,000000 0,000000
256 1631355796 0,200000 -1,000000 -101,000000 0,000000 0,000000
256 1631355797 0,200000 -1,000000 -101,000000 0,000000 0,000000
256 1631355798 0,200000 -1,000000 -101,000000 0,000000 0,000000
256 1631355799 0,200000 -1,000000 -101,000000 0,000000 0,000000
256 1631355800 0,200000 -1,000000 -101,000000 0,000000 0,000000
256 1631355801 0,200000 -1,000000 -101,000000 0,000000 0,000000
256 1631355802 0,200000 -1,000000 -101,000000 0,000000 0,000000
256 1631355803 0,200000 -1,000000 -101,000000 0,000000 0,000000
256 1631355804 0,200000 -1,000000 -101,000000 0,000000 0,000000
256 1631355820 0,200000 -1,000000 -101,000000 0,000000 0,000000
256 1631355821 0,200000 -1,000000 -101,000000 0,000000 0,000000
256 1631355822 0,200000 -1,000000 -101,000000 0,000000 0,000000
256 1631355823 0,200000 -1,000000 -101,000000 0,000000 0,000000
256 1631355824 0,200000 -1,000000 -101,000000 0,000000 0,000000
256 1631355835 0,200000 -1,000000 -101,000000 0,000000 0,000000
256 1631355836 0,200000 -1,000000 -101,000000 0,000000 0,000000
256 1631355837 0,200000 -1,000000 -101,000000 0,000000 0,000000
256 1631355838 0,200000 -1,000000 -101,000000 0,000000 0,000000
256 1631355839 0,200000 -1,000000 -101,000000 0,000000 0,000000
256 1631355840 0,200000 -1,000000 -101,000000 0,000000 0,000000
256 1631355841 0,200000 -1,000000 -101,000000 0,000000 0,000000
256 1631355842 0,200000 -1,000000 -101,000000 0,000000 0,000000
256 1631355843 0,200000 -1,000000 -101,000000 0,000000 0,000000
256 1631355844 0,200000 -1,000000 -101,000000 0,000000 0,000000
256 1631356005 0,200000 -1,000000 -101,000000 0,000000 0,000000
256 1631356006 0,200000 -1,000000 -101,000000 0,000000 0,000000
256 1631356007 0,200000 -1,000000 -101,000000 0,000000 0,000000
256 1631356008 0,200000 -1,000000 -101,000000 0,000000 0,000000
256 1631356009 0,200000 -1,000000 -101,000000 0,000000 0,000000
256 1631356035 0,200000 -1,000000 -101,000000 0,000000 0,000000
256 1631356036 0,200000 -1,000000 -101,000000 0,000000 0,000000
256 1631356037 0,200000 -1,000000 -101,000000 0,000000 0,000000
256 1631356038 0,200000 -1,000000 -101,000000 0,000000 0,000000
256 1631356039 0,200000 -1,000000 -101,000000 0,000000 0,000000
256 1631356045 0,400000 -1,000000 -101,000000 0,000000 0,000000
256 1631356046 0,400000 -1,000000 -101,000000 0,000000 0,000000
256 1631356047 0,400000 -1,000000 -101,000000 0,000000 0,000000
256 1631356048 0,400000 -1,000000 -101,000000 0,000000 0,000000
256 1631356049 0,400000 -1,000000 -101,000000 0,000000 0,000000
256 1631356115 0,200000 -1,000000 -101,000000 0,000000 0,000000
256 1631356116 0,200000 -1,000000 -101,000000 0,000000 0,000000
256 1631356117 0,200000 -1,000000 -101,000000 0,000000 0,000000
256 1631356118 0,200000 -1,000000 -101,000000 0,000000 0,000000
256 1631356119 0,200000 -1,000000 -101,000000 0,000000 0,000000
256 1631356145 0,200000 -1,000000 -101,000000 0,000000 0,000000
256 1631356146 0,200000 -1,000000 -101,000000 0,000000 0,000000
256 1631356147 0,200000 -1,000000 -101,000000 0,000000 0,000000
256 1631356148 0,200000 -1,000000 -101,000000 0,000000 0,000000
256 1631356149 0,200000 -1,000000 -101,000000 0,000000 0,000000
256 1631356155 0,200000 -1,000000 -101,000000 0,000000 0,000000
256 1631356156 0,200000 -1,000000 -101,000000 0,000000 0,000000
256 1631356157 0,200000 -1,000000 -101,000000 0,000000 0,000000
256 1631356158 0,200000 -1,000000 -101,000000 0,000000 0,000000
256 1631356159 0,200000 -1,000000 -101,000000 0,000000 0,000000
256 1631356160 0,200000 -1,000000 -101,000000 0,000000 0,000000
256 1631356161 0,200000 -1,000000 -101,000000 0,000000 0,000000
256 1631356162 0,200000 -1,000000 -101,000000 0,000000 0,000000
256 1631356163 0,200000 -1,000000 -101,000000 0,000000 0,000000
256 1631356164 0,200000 -1,000000 -101,000000 0,000000 0,000000
256 1631356279 0,200000 -1,000000 0,200000 0,200000 0,008000
256 1631356278 0,200000 -1,000000 0,200000 0,200000 0,008000
256 1631356277 0,200000 -1,000000 0,200000 0,200000 0,008000
256 1631356276 0,200000 -1,000000 0,200000 0,200000 0,008000
256 1631356275 0,200000 -1,000000 0,200000 0,200000 0,008000
256 1631356239 0,200000 -1,000000 0,200000 0,200000 0,008000
256 1631356238 0,200000 -1,000000 0,200000 0,200000 0,008000
256 1631356237 0,200000 -1,000000 0,200000 0,200000 0,008000
256 1631356236 0,200000 -1,000000 0,200000 0,200000 0,008000
256 1631356235 0,200000 -1,000000 0,200000 0,200000 0,008000
256 1631356235 0,200000 -1,000000 -101,000000 0,000000 0,000000
256 1631356236 0,200000 -1,000000 -101,000000 0,000000 0,000000
256 1631356237 0,200000 -1,000000 -101,000000 0,000000 0,000000
256 1631356238 0,200000 -1,000000 -101,000000 0,000000 0,000000
256 1631356239 0,200000 -1,000000 -101,000000 0,000000 0,000000
256 1631356275 0,200000 -1,000000 -101,000000 0,000000 0,000000
256 1631356276 0,200000 -1,000000 -101,000000 0,000000 0,000000
256 1631356277 0,200000 -1,000000 -101,000000 0,000000 0,000000
256 1631356278 0,200000 -1,000000 -101,000000 0,000000 0,000000
256 1631356279 0,200000 -1,000000 -101,000000 0,000000 0,000000
256 1631356374 0,200000 -1,000000 0,200000 0,200000 0,008000
256 1631356373 0,200000 -1,000000 0,200000 0,200000 0,008000
256 1631356372 0,200000 -1,000000 0,200000 0,200000 0,008000
256 1631356371 0,200000 -1,000000 0,200000 0,200000 0,008000
256 1631356370 0,200000 -1,000000 0,200000 0,200000 0,008000
256 1631356349 0,200000 -1,000000 0,200000 0,200000 0,008000
256 1631356348 0,200000 -1,000000 0,200000 0,200000 0,008000
256 1631356347 0,200000 -1,000000 0,200000 0,200000 0,008000
256 1631356346 0,200000 -1,000000 0,200000 0,200000 0,008000
256 1631356345 0,200000 -1,000000 0,200000 0,200000 0,008000
